# ID    redshift       metallicity      mass 
1 	0.219245 	9.017 	11.09437 
2 	0.230787 	9.109 	11.141475 
3 	0.212742 	8.832 	10.523434 
4 	0.228318 	8.913 	10.590487 
5 	0.212725 	9.076 	10.470995 
6 	0.215286 	9.056 	10.664401 
7 	0.205068 	9.055 	10.975345 
8 	0.200153 	8.928 	10.226706 
9 	0.228444 	9.050 	10.91415 
10 	0.235663 	8.756 	10.099044 
11 	0.214765 	8.967 	11.133651 
12 	0.219764 	9.045 	11.272061 
13 	0.212857 	8.000 	9.144408 
14 	0.213046 	9.057 	10.731631 
15 	0.204859 	8.824 	9.87452 
16 	0.203797 	8.942 	10.448479 
17 	0.204885 	8.812 	9.874544 
18 	0.203723 	8.947 	10.45219 
19 	0.205445 	9.126 	10.974612 
20 	0.229196 	8.690 	9.939239 
21 	0.226638 	9.052 	10.48198 
22 	0.231083 	9.133 	11.1048 
23 	0.240898 	8.201 	9.002405 
24 	0.22644 	8.737 	9.915147 
25 	0.226422 	8.700 	9.915147 
26 	0.235294 	8.962 	11.454732 
27 	0.201301 	9.039 	10.746584 
28 	0.243891 	9.127 	11.429066 
29 	0.203219 	9.117 	10.641125 
30 	0.203755 	9.116 	10.67929 
31 	0.204975 	9.154 	11.052539 
32 	0.223637 	8.771 	9.653534 
33 	0.205773 	9.174 	11.071234 
34 	0.210981 	9.100 	11.109536 
35 	0.235074 	8.834 	10.718399 
36 	0.235072 	8.772 	10.718399 
37 	0.234844 	9.000 	10.873131 
38 	0.245157 	8.825 	10.489328 
39 	0.205253 	8.902 	10.20257 
40 	0.224722 	8.809 	10.083385 
41 	0.204955 	8.987 	10.201694 
42 	0.202274 	9.002 	10.895855 
43 	0.202277 	9.088 	10.895855 
44 	0.236637 	9.176 	11.211237 
45 	0.236094 	8.992 	9.977906 
46 	0.211554 	9.113 	10.736771 
47 	0.202729 	9.091 	10.944363 
48 	0.211626 	9.092 	10.736773 
49 	0.202732 	9.094 	10.944371 
50 	0.204778 	9.035 	10.779028 
51 	0.247417 	9.122 	10.14727 
52 	0.212142 	8.614 	9.744653 
53 	0.21222 	8.996 	10.28732 
54 	0.212348 	9.091 	10.976429 
55 	0.212329 	9.089 	10.976372 
56 	0.213999 	8.913 	10.647288 
57 	0.210665 	8.978 	10.467666 
58 	0.221946 	8.910 	11.09777 
59 	0.218915 	8.873 	10.268285 
60 	0.21609 	9.161 	11.222679 
61 	0.217094 	9.165 	11.130022 
62 	0.211904 	8.690 	9.634338 
63 	0.21679 	9.115 	11.128819 
64 	0.236247 	8.975 	10.535982 
65 	0.211888 	8.663 	9.634338 
66 	0.217993 	8.830 	9.3897 
67 	0.223814 	8.997 	10.18662 
68 	0.228077 	9.199 	10.939651 
69 	0.203191 	8.964 	10.154681 
70 	0.200765 	9.108 	11.024904 
71 	0.230702 	8.660 	9.741327 
72 	0.203551 	9.018 	11.02342 
73 	0.235449 	8.717 	10.021508 
74 	0.227634 	9.115 	11.047771 
75 	0.200947 	9.122 	10.961739 
76 	0.2311 	9.102 	11.059608 
77 	0.246943 	8.700 	9.395849 
78 	0.215748 	9.063 	10.845683 
79 	0.218026 	8.969 	10.88506 
80 	0.211909 	9.237 	11.200837 
81 	0.237245 	9.119 	11.13299 
82 	0.225674 	8.988 	10.387754 
83 	0.200374 	9.055 	10.761204 
84 	0.229529 	8.847 	9.437195 
85 	0.200385 	9.047 	10.76135 
86 	0.229554 	8.717 	9.437263 
87 	0.200771 	9.073 	11.253938 
88 	0.208611 	8.999 	10.12324 
89 	0.206358 	9.099 	10.95926 
90 	0.225613 	9.143 	11.206493 
91 	0.217276 	9.049 	10.544325 
92 	0.239379 	9.008 	10.579329 
93 	0.213524 	9.152 	10.902699 
94 	0.229969 	8.951 	10.718635 
95 	0.246257 	9.124 	10.82188 
96 	0.229949 	8.968 	10.718422 
97 	0.244424 	8.850 	10.670076 
98 	0.20359 	9.084 	10.407674 
99 	0.229967 	8.952 	10.718635 
100 	0.246236 	9.058 	10.811905 
101 	0.244424 	8.802 	10.670076 
102 	0.203602 	9.018 	10.407675 
103 	0.230709 	8.610 	9.741327 
104 	0.215508 	8.664 	10.338548 
105 	0.201409 	9.108 	10.922112 
106 	0.223353 	9.007 	10.574289 
107 	0.217672 	9.078 	10.596858 
108 	0.212724 	8.912 	10.247454 
109 	0.23512 	9.048 	10.862535 
110 	0.215644 	9.061 	10.738784 
111 	0.219805 	8.917 	10.352972 
112 	0.219491 	9.071 	10.497109 
113 	0.228026 	8.255 	9.336278 
114 	0.217512 	9.100 	10.513695 
115 	0.223337 	8.983 	10.574172 
116 	0.234138 	8.739 	10.239762 
117 	0.200118 	9.044 	10.410971 
118 	0.228105 	8.980 	10.545457 
119 	0.230633 	8.950 	9.842591 
120 	0.244469 	9.111 	10.680078 
121 	0.245768 	9.092 	10.732617 
122 	0.230648 	8.949 	9.842854 
123 	0.20378 	9.068 	10.854425 
124 	0.211356 	8.924 	9.883454 
125 	0.209307 	9.043 	10.243616 
126 	0.24509 	9.003 	10.459677 
127 	0.20619 	8.992 	10.425024 
128 	0.248126 	9.069 	10.877385 
129 	0.210066 	8.987 	10.473412 
130 	0.23091 	9.087 	10.687088 
131 	0.207808 	9.148 	10.495807 
132 	0.211407 	9.114 	10.763727 
133 	0.234481 	9.143 	10.558397 
134 	0.210686 	9.005 	10.453027 
135 	0.204656 	9.143 	11.07899 
136 	0.208665 	8.871 	10.0895 
137 	0.206848 	9.093 	11.003497 
138 	0.223553 	9.001 	10.201737 
139 	0.207034 	8.904 	10.577145 
140 	0.207102 	8.915 	10.259588 
141 	0.213427 	9.050 	10.338578 
142 	0.209959 	9.222 	10.973915 
143 	0.202628 	9.003 	10.268895 
144 	0.219932 	9.111 	10.563338 
145 	0.238639 	9.248 	11.133992 
146 	0.238975 	9.091 	10.565015 
147 	0.218224 	8.995 	10.106812 
148 	0.232553 	8.944 	10.673079 
149 	0.226492 	8.856 	10.39983 
150 	0.229105 	9.043 	10.468751 
151 	0.220706 	8.886 	9.854785 
152 	0.247069 	9.052 	10.529049 
153 	0.231126 	8.978 	10.73094 
154 	0.228959 	9.018 	10.407531 
155 	0.225351 	8.996 	10.467016 
156 	0.210723 	8.873 	10.253935 
157 	0.205152 	8.940 	9.864633 
158 	0.207173 	9.152 	11.073358 
159 	0.217498 	8.986 	10.033687 
160 	0.227355 	8.910 	10.585425 
161 	0.216633 	9.097 	10.757296 
162 	0.204527 	9.079 	10.885421 
163 	0.2161 	8.969 	10.309161 
164 	0.204653 	9.078 	10.886684 
165 	0.209094 	9.061 	10.457072 
166 	0.214153 	9.023 	10.096004 
167 	0.212078 	8.743 	10.087568 
168 	0.244539 	9.116 	11.017565 
169 	0.244752 	8.965 	10.683311 
170 	0.217873 	9.107 	10.470059 
171 	0.220717 	9.179 	10.832311 
172 	0.226439 	8.941 	10.252553 
173 	0.211812 	8.990 	10.317794 
174 	0.244395 	9.135 	10.84734 
175 	0.22377 	8.982 	10.630651 
176 	0.24471 	8.950 	10.683297 
177 	0.217994 	9.110 	10.470482 
178 	0.220732 	9.185 	10.83234 
179 	0.226394 	8.945 	10.252423 
180 	0.211756 	8.990 	10.317681 
181 	0.244466 	9.117 	10.847713 
182 	0.223815 	8.952 	10.630803 
183 	0.220864 	9.010 	10.645837 
184 	0.224902 	9.046 	10.40262 
185 	0.223433 	8.235 	9.448275 
186 	0.232696 	9.011 	10.565832 
187 	0.225684 	8.969 	10.010375 
188 	0.213795 	9.082 	10.486518 
189 	0.247135 	8.920 	10.430494 
190 	0.244802 	8.983 	10.505363 
191 	0.218824 	8.846 	10.196979 
192 	0.20298 	9.093 	10.413137 
193 	0.243108 	8.695 	10.521537 
194 	0.211118 	9.014 	10.54965 
195 	0.210046 	8.855 	10.312355 
196 	0.242696 	9.086 	10.397517 
197 	0.206786 	8.960 	10.649908 
198 	0.214105 	9.049 	10.525805 
199 	0.20912 	9.102 	10.792946 
200 	0.216213 	8.988 	10.390313 
201 	0.205955 	9.066 	10.558375 
202 	0.206783 	9.070 	10.55218 
203 	0.204808 	9.128 	10.326784 
204 	0.209695 	8.941 	10.607811 
205 	0.214709 	9.029 	10.318983 
206 	0.204415 	8.867 	10.08205 
207 	0.22597 	8.963 	10.502884 
208 	0.205984 	9.049 	10.558449 
209 	0.206802 	9.057 	10.55232 
210 	0.204828 	9.129 	10.326788 
211 	0.20978 	8.980 	10.608466 
212 	0.214729 	9.015 	10.318988 
213 	0.220354 	9.012 	10.583482 
214 	0.226043 	8.962 	10.503255 
215 	0.204418 	8.867 	10.08205 
216 	0.215311 	9.018 	10.1183 
217 	0.212762 	8.961 	10.423385 
218 	0.212327 	9.105 	10.29524 
219 	0.212108 	9.010 	10.512064 
220 	0.221647 	8.987 	10.74693 
221 	0.205381 	8.894 	10.425948 
222 	0.235258 	8.947 	10.440007 
223 	0.201367 	9.053 	10.513871 
224 	0.221952 	8.561 	11.580371 
225 	0.236719 	9.121 	10.966777 
226 	0.208309 	8.838 	10.347562 
227 	0.214527 	9.001 	10.330738 
228 	0.220835 	8.988 	10.611532 
229 	0.221023 	9.083 	10.801761 
230 	0.203585 	8.950 	10.513656 
231 	0.217689 	9.063 	10.393593 
232 	0.217574 	9.114 	11.18624 
233 	0.212675 	8.970 	10.122643 
234 	0.216894 	9.002 	10.596859 
235 	0.207404 	9.000 	10.555725 
236 	0.21174 	8.828 	10.072115 
237 	0.212076 	8.963 	10.775966 
238 	0.215715 	9.020 	10.67684 
239 	0.216906 	9.017 	10.596859 
240 	0.207358 	8.971 	10.555498 
241 	0.211713 	8.808 	10.071918 
242 	0.206311 	9.008 	10.544683 
243 	0.21207 	8.967 	10.775966 
244 	0.215879 	9.001 	10.677338 
245 	0.21772 	9.136 	11.241673 
246 	0.216963 	9.015 	10.597078 
247 	0.207372 	9.012 	10.555572 
248 	0.211716 	8.810 	10.071918 
249 	0.206293 	9.067 	10.544632 
250 	0.212052 	8.951 	10.775966 
251 	0.215715 	9.049 	10.67684 
252 	0.207543 	9.057 	10.478414 
253 	0.218187 	8.613 	9.855805 
254 	0.22074 	9.043 	10.767703 
255 	0.24696 	9.018 	10.708007 
256 	0.202902 	8.948 	10.405913 
257 	0.201589 	8.935 	10.695643 
258 	0.208726 	8.942 	10.351967 
259 	0.23481 	9.080 	10.490551 
260 	0.222802 	9.097 	10.697108 
261 	0.247955 	9.085 	10.812347 
262 	0.248014 	9.125 	10.740381 
263 	0.205994 	8.986 	10.23754 
264 	0.206535 	8.767 	9.968571 
265 	0.208785 	9.123 	10.687484 
266 	0.200432 	9.099 	10.897139 
267 	0.219435 	9.076 	10.818983 
268 	0.21543 	9.009 	10.565477 
269 	0.200361 	8.981 	10.778793 
270 	0.244794 	9.166 	11.258705 
271 	0.209646 	9.078 	10.594253 
272 	0.203655 	9.108 	10.940094 
273 	0.228371 	9.091 	10.893107 
274 	0.241009 	8.974 	10.559888 
275 	0.2064 	9.012 	10.79847 
276 	0.234557 	9.069 	11.240138 
277 	0.208783 	8.987 	10.338783 
278 	0.214807 	9.148 	10.866455 
279 	0.203372 	8.971 	10.398572 
280 	0.208879 	9.050 	10.460872 
281 	0.228005 	9.051 	10.906419 
282 	0.219098 	8.912 	10.199573 
283 	0.247185 	9.091 	10.18529 
284 	0.202716 	9.114 	10.515141 
285 	0.215921 	8.878 	10.152646 
286 	0.243166 	8.978 	10.724542 
287 	0.246357 	9.107 	10.759234 
288 	0.229517 	9.045 	10.678185 
289 	0.242965 	9.134 	10.508242 
290 	0.229636 	9.111 	11.096601 
291 	0.215323 	9.150 	10.597322 
292 	0.201938 	9.052 	10.315741 
293 	0.234319 	9.054 	10.528604 
294 	0.216673 	8.852 	10.047456 
295 	0.220366 	9.020 	10.858958 
296 	0.236643 	9.133 	10.645196 
297 	0.20442 	8.864 	10.235304 
298 	0.20884 	9.072 	10.457918 
299 	0.211067 	9.098 	10.579553 
300 	0.204368 	8.879 	10.234803 
301 	0.208873 	9.076 	10.458004 
302 	0.211158 	9.101 	10.580395 
303 	0.209738 	9.010 	10.371858 
304 	0.208346 	9.084 	10.46242 
305 	0.220246 	8.971 	10.166369 
306 	0.236482 	8.833 	10.145199 
307 	0.20233 	8.894 	10.168246 
308 	0.212745 	9.053 	10.886353 
309 	0.220929 	9.009 	10.448514 
310 	0.236495 	8.818 	10.145292 
311 	0.202339 	8.905 	10.168255 
312 	0.212768 	9.081 	10.886358 
313 	0.208408 	9.072 	10.462552 
314 	0.220832 	9.082 	10.447986 
315 	0.249787 	9.044 	10.507818 
316 	0.236473 	8.792 	10.145184 
317 	0.212769 	9.087 	10.886358 
318 	0.208472 	9.042 	10.462679 
319 	0.22038 	9.045 	11.11307 
320 	0.220902 	8.975 	10.448431 
321 	0.24978 	9.044 	10.507797 
322 	0.202308 	8.924 	10.168005 
323 	0.212591 	9.040 	10.885877 
324 	0.208477 	9.043 	10.462679 
325 	0.220934 	8.967 	10.448524 
326 	0.249781 	9.041 	10.507797 
327 	0.236498 	8.814 	10.14534 
328 	0.20232 	8.901 	10.168119 
329 	0.21277 	9.047 	10.886358 
330 	0.220976 	9.001 	10.44893 
331 	0.220356 	9.105 	11.11304 
332 	0.211072 	9.106 	10.703513 
333 	0.248706 	9.094 	10.815001 
334 	0.244906 	8.569 	11.305737 
335 	0.234769 	9.115 	10.74151 
336 	0.202957 	9.007 	10.655919 
337 	0.204869 	8.992 	10.90082 
338 	0.241156 	9.114 	11.262111 
339 	0.237512 	9.055 	10.511294 
340 	0.210882 	9.094 	10.561353 
341 	0.222954 	9.071 	10.53153 
342 	0.223008 	9.106 	10.424297 
343 	0.233322 	8.942 	10.777551 
344 	0.231661 	9.009 	10.691455 
345 	0.232438 	9.041 	10.767525 
346 	0.204964 	8.804 	10.519942 
347 	0.205842 	9.050 	10.588675 
348 	0.20631 	8.941 	10.750944 
349 	0.224068 	9.066 	10.822424 
350 	0.22301 	9.108 	10.424309 
351 	0.231664 	9.009 	10.691455 
352 	0.232342 	9.040 	10.767028 
353 	0.20498 	8.868 	10.52013 
354 	0.20578 	9.028 	10.588433 
355 	0.224049 	9.064 	10.822307 
356 	0.240173 	8.902 	10.02043 
357 	0.215018 	9.091 	10.818805 
358 	0.202859 	8.968 	10.60193 
359 	0.216721 	8.994 	10.466845 
360 	0.234906 	8.957 	10.613968 
361 	0.200197 	8.875 	10.312351 
362 	0.240182 	8.931 	10.020545 
363 	0.214898 	9.057 	10.81822 
364 	0.216703 	9.047 	10.466841 
365 	0.23496 	9.060 	10.614149 
366 	0.200237 	8.880 	10.312701 
367 	0.244803 	9.080 	10.481713 
368 	0.208046 	8.989 	10.468411 
369 	0.206901 	9.056 	10.690874 
370 	0.238715 	9.102 	11.302889 
371 	0.218709 	8.850 	9.928123 
372 	0.244809 	9.041 	10.481713 
373 	0.208061 	9.006 	10.468434 
374 	0.206784 	9.081 	10.69043 
375 	0.218733 	8.865 	9.928123 
376 	0.244814 	9.050 	10.481713 
377 	0.208159 	8.997 	10.468661 
378 	0.206752 	9.095 	10.690397 
379 	0.238782 	9.136 	11.302142 
380 	0.218716 	8.841 	9.928123 
381 	0.244804 	9.084 	10.481713 
382 	0.207814 	9.162 	10.413995 
383 	0.208027 	8.999 	10.468209 
384 	0.206765 	9.099 	10.690405 
385 	0.238805 	9.118 	11.302239 
386 	0.218733 	8.833 	9.928123 
387 	0.207815 	9.124 	10.414007 
388 	0.208013 	8.987 	10.468119 
389 	0.206804 	9.088 	10.690608 
390 	0.202932 	9.054 	11.238718 
391 	0.218738 	8.857 	9.928123 
392 	0.217557 	9.122 	10.477947 
393 	0.204411 	8.939 	10.445239 
394 	0.207699 	9.051 	10.084279 
395 	0.214138 	9.046 	10.41658 
396 	0.214882 	8.918 	10.152265 
397 	0.229442 	8.927 	10.071406 
398 	0.226707 	9.019 	10.329017 
399 	0.204315 	8.950 	10.445117 
400 	0.207684 	9.014 	10.084188 
401 	0.214822 	8.994 	10.15187 
402 	0.214127 	9.042 	10.416565 
403 	0.229447 	8.919 	10.071406 
404 	0.210574 	8.960 	10.54544 
405 	0.226723 	8.995 	10.329045 
406 	0.227763 	8.975 	10.737304 
407 	0.226145 	9.150 	11.051376 
408 	0.244084 	9.052 	10.674733 
409 	0.23373 	9.050 	10.41027 
410 	0.203114 	8.890 	10.17849 
411 	0.227792 	8.933 	10.737728 
412 	0.226096 	9.149 	11.051373 
413 	0.244084 	9.099 	10.674733 
414 	0.233718 	9.048 	10.409684 
415 	0.207048 	9.128 	10.778772 
416 	0.203169 	8.898 	10.178749 
417 	0.212957 	9.116 	10.552126 
418 	0.204984 	8.849 	9.887321 
419 	0.213331 	9.090 	10.763321 
420 	0.226778 	9.044 	11.171527 
421 	0.218661 	9.155 	10.836359 
422 	0.204993 	8.837 	9.887333 
423 	0.213482 	9.102 	10.764247 
424 	0.226697 	9.123 	11.171232 
425 	0.2188 	9.269 	10.834479 
426 	0.247528 	9.109 	10.534523 
427 	0.212981 	9.069 	10.552236 
428 	0.238688 	9.044 	10.600438 
429 	0.223702 	9.056 	10.604276 
430 	0.218592 	8.822 	10.197984 
431 	0.247539 	9.110 	10.534607 
432 	0.238699 	9.046 	10.600515 
433 	0.223667 	9.005 	10.603992 
434 	0.218569 	8.843 	10.197978 
435 	0.201499 	9.129 	11.238367 
436 	0.209168 	9.056 	10.561784 
437 	0.201787 	9.057 	11.025402 
438 	0.22676 	8.971 	10.233825 
439 	0.211895 	9.101 	10.49318 
440 	0.243396 	8.716 	10.14967 
441 	0.212379 	8.762 	10.264994 
442 	0.204364 	9.048 	9.997917 
443 	0.212369 	8.781 	10.264986 
444 	0.204451 	9.104 	9.997917 
445 	0.222 	8.766 	10.216618 
446 	0.248523 	8.881 	10.561214 
447 	0.215111 	9.051 	10.583687 
448 	0.222212 	8.951 	10.242897 
449 	0.201216 	9.134 	11.044241 
450 	0.248516 	8.865 	10.561208 
451 	0.248498 	8.859 	10.561192 
452 	0.231763 	8.866 	10.273387 
453 	0.217762 	8.770 	10.071336 
454 	0.232009 	9.084 	10.809005 
455 	0.228235 	9.065 	11.054081 
456 	0.207054 	9.090 	10.4078 
457 	0.236392 	8.877 	10.541618 
458 	0.242588 	8.958 	10.365606 
459 	0.231769 	8.853 	10.273387 
460 	0.220415 	9.089 	11.105531 
461 	0.227526 	9.044 	10.693069 
462 	0.239162 	8.953 	10.516816 
463 	0.201891 	8.860 	10.193869 
464 	0.207725 	8.914 	10.074518 
465 	0.202017 	9.096 	11.493776 
466 	0.228915 	9.051 	11.014527 
467 	0.206882 	8.963 	9.974625 
468 	0.210791 	9.087 	10.941792 
469 	0.2069 	8.939 	9.974625 
470 	0.215483 	9.140 	11.131078 
471 	0.245699 	9.097 	10.49631 
472 	0.224816 	9.056 	10.948003 
473 	0.228537 	8.650 	9.807756 
474 	0.227723 	9.155 	10.533385 
475 	0.217915 	9.050 	11.154176 
476 	0.217397 	8.477 	9.752583 
477 	0.236334 	8.977 	10.362278 
478 	0.218121 	8.668 	10.007609 
479 	0.209111 	8.706 	9.822948 
480 	0.231698 	8.984 	10.363972 
481 	0.236716 	8.704 	9.923513 
482 	0.205421 	8.785 	9.970619 
483 	0.223761 	9.002 	10.449852 
484 	0.233995 	8.809 	10.19578 
485 	0.202837 	9.088 	11.02192 
486 	0.201582 	8.958 	11.220788 
487 	0.204884 	8.830 	9.923925 
488 	0.22675 	8.974 	10.975207 
489 	0.204853 	8.990 	10.942274 
490 	0.226706 	8.969 	10.974814 
491 	0.226031 	8.739 	10.649595 
492 	0.22893 	9.335 	11.466253 
493 	0.229361 	8.907 	10.322923 
494 	0.234497 	9.082 	11.267761 
495 	0.201527 	9.124 	10.195282 
496 	0.226837 	8.985 	11.38193 
497 	0.226343 	8.973 	11.386865 
498 	0.230622 	8.958 	10.102303 
499 	0.218329 	8.830 	10.498407 
500 	0.248205 	8.915 	9.632504 
501 	0.211739 	9.067 	10.366444 
502 	0.218414 	9.068 	10.96701 
503 	0.220058 	9.089 	11.29862 
504 	0.213548 	9.089 	10.343105 
505 	0.221776 	8.838 	10.125339 
506 	0.235775 	9.143 	11.03055 
507 	0.211046 	9.185 	11.022428 
508 	0.204339 	9.174 	11.497391 
509 	0.203732 	8.811 	9.982549 
510 	0.221956 	9.094 	11.341011 
511 	0.237314 	9.079 	10.653566 
512 	0.221913 	9.056 	10.862618 
513 	0.221921 	9.129 	10.862618 
514 	0.243927 	8.769 	9.706278 
515 	0.218736 	8.839 	10.420132 
516 	0.224038 	9.096 	10.838229 
517 	0.208321 	9.000 	10.549831 
518 	0.222186 	9.014 	11.186608 
519 	0.203914 	9.111 	10.777496 
520 	0.202062 	9.029 	10.709909 
521 	0.235342 	8.932 	10.365659 
522 	0.229727 	9.115 	10.942394 
523 	0.218242 	9.143 	11.03238 
524 	0.204165 	8.655 	9.687667 
525 	0.219854 	9.090 	10.867247 
526 	0.216916 	9.149 	10.627207 
527 	0.214718 	8.992 	10.301437 
528 	0.214723 	8.948 	10.301437 
529 	0.214666 	8.917 	10.301311 
530 	0.220021 	9.091 	11.058051 
531 	0.231006 	8.734 	9.740352 
532 	0.216081 	9.130 	11.041093 
533 	0.248913 	8.818 	10.346611 
534 	0.200328 	8.575 	9.573884 
535 	0.243717 	9.081 	10.894382 
536 	0.201182 	9.001 	10.554935 
537 	0.224969 	9.090 	11.439416 
538 	0.224026 	9.059 	11.000201 
539 	0.21124 	9.148 	11.22352 
540 	0.220431 	9.108 	11.10999 
541 	0.225196 	9.130 	10.984368 
542 	0.205095 	8.944 	10.060458 
543 	0.243001 	8.929 	10.388649 
544 	0.2081 	8.776 	10.402464 
545 	0.230637 	9.106 	11.199792 
546 	0.23202 	9.093 	11.050458 
547 	0.232958 	8.948 	10.322042 
548 	0.20512 	8.874 	10.465391 
549 	0.203826 	9.051 	10.319018 
550 	0.203911 	9.047 	11.111187 
551 	0.202317 	9.008 	11.100728 
552 	0.206537 	8.873 	10.080298 
553 	0.230198 	9.048 	11.340033 
554 	0.241601 	8.923 	10.362497 
555 	0.211785 	8.986 	10.726292 
556 	0.212188 	9.104 	11.207704 
557 	0.204091 	9.067 	10.792917 
558 	0.203597 	8.964 	10.28893 
559 	0.217441 	8.926 	10.162592 
560 	0.225781 	8.971 	10.249846 
561 	0.217309 	8.905 	10.056815 
562 	0.207135 	9.017 	10.982513 
563 	0.207847 	9.081 	9.80704 
564 	0.221947 	9.130 	11.011196 
565 	0.245067 	8.951 	10.317893 
566 	0.207506 	8.810 	10.083066 
567 	0.208437 	8.969 	10.673979 
568 	0.239534 	9.041 	10.660063 
569 	0.224084 	8.944 	10.481112 
570 	0.242975 	8.965 	11.053222 
571 	0.204809 	9.098 	11.28487 
572 	0.205995 	9.094 	10.92919 
573 	0.216928 	9.150 	10.627225 
574 	0.216579 	8.851 	10.268937 
575 	0.21904 	9.020 	11.243038 
576 	0.228282 	8.823 	10.132289 
577 	0.209837 	8.940 	10.126557 
578 	0.209848 	8.700 	9.869587 
579 	0.226639 	9.093 	11.027411 
580 	0.207245 	9.179 	10.826525 
581 	0.217292 	8.869 	10.264411 
582 	0.233787 	9.085 	10.875244 
583 	0.216517 	9.137 	10.885251 
584 	0.212615 	9.007 	10.345002 
585 	0.216513 	9.102 	11.109244 
586 	0.207038 	8.834 	10.158393 
587 	0.235652 	8.687 	9.405767 
588 	0.204679 	8.910 	10.155899 
589 	0.223652 	9.089 	11.141354 
590 	0.212863 	9.069 	10.845232 
591 	0.212555 	9.314 	10.4998 
592 	0.215954 	8.982 	10.786912 
593 	0.201898 	9.087 	6.625237 
594 	0.215063 	9.133 	11.335834 
595 	0.210612 	9.059 	10.835316 
596 	0.207607 	9.051 	10.855762 
597 	0.206501 	9.094 	10.956958 
598 	0.22827 	9.014 	10.299405 
599 	0.207168 	9.059 	11.267171 
600 	0.221043 	9.048 	10.248934 
601 	0.209827 	8.965 	10.356879 
602 	0.205853 	9.118 	10.901507 
603 	0.230589 	8.864 	10.346745 
604 	0.223121 	8.399 	9.67493 
605 	0.225491 	9.005 	10.375451 
606 	0.220022 	9.054 	10.979261 
607 	0.217218 	8.992 	10.6778 
608 	0.211607 	8.986 	10.269843 
609 	0.204867 	9.089 	10.856504 
610 	0.217648 	9.090 	10.909036 
611 	0.214537 	9.152 	11.096225 
612 	0.222437 	9.197 	10.378806 
613 	0.219789 	9.004 	10.795113 
614 	0.231521 	8.999 	10.460625 
615 	0.227684 	9.011 	10.687979 
616 	0.224251 	8.928 	10.326327 
617 	0.219638 	8.876 	10.087222 
618 	0.221477 	9.042 	10.774356 
619 	0.204672 	9.002 	10.206341 
620 	0.208262 	8.907 	9.972602 
621 	0.215537 	9.002 	10.539293 
622 	0.220519 	9.075 	10.97789 
623 	0.214313 	9.162 	11.272155 
624 	0.249069 	9.108 	11.201788 
625 	0.219123 	9.135 	11.005572 
626 	0.221055 	9.076 	10.926512 
627 	0.207269 	9.048 	10.650466 
628 	0.217708 	8.971 	10.899387 
629 	0.239298 	8.809 	10.48118 
630 	0.213583 	8.735 	9.985243 
631 	0.216637 	9.103 	10.99542 
632 	0.231042 	9.108 	11.32346 
633 	0.203556 	9.104 	10.821108 
634 	0.215158 	8.256 	9.868824 
635 	0.214575 	9.107 	11.173964 
636 	0.208513 	8.998 	11.249157 
637 	0.240483 	9.234 	10.800605 
638 	0.241685 	9.139 	11.193716 
639 	0.217034 	8.737 	10.222269 
640 	0.220152 	8.963 	10.449621 
641 	0.222502 	8.855 	9.780583 
642 	0.212954 	9.109 	10.823853 
643 	0.205567 	9.169 	11.209476 
644 	0.207602 	9.100 	10.888464 
645 	0.227535 	9.089 	10.27826 
646 	0.207602 	9.130 	10.888464 
647 	0.202028 	9.059 	10.827532 
648 	0.231671 	8.948 	11.022704 
649 	0.20868 	9.161 	11.006133 
650 	0.210426 	9.119 	11.115487 
651 	0.219398 	8.269 	9.063014 
652 	0.221367 	9.094 	10.837217 
653 	0.220234 	9.049 	10.80682 
654 	0.204139 	8.731 	10.599695 
655 	0.225583 	9.010 	10.463346 
656 	0.235326 	8.820 	10.017344 
657 	0.240873 	9.005 	10.759336 
658 	0.215219 	9.049 	10.210568 
659 	0.225524 	8.853 	10.636263 
660 	0.22214 	9.050 	10.392425 
661 	0.223781 	8.969 	10.525004 
662 	0.204892 	9.112 	10.966641 
663 	0.218989 	9.069 	11.116043 
664 	0.215256 	9.098 	10.96643 
665 	0.218955 	8.938 	11.242829 
666 	0.24625 	8.736 	10.165504 
667 	0.219875 	8.618 	10.006729 
668 	0.212691 	8.981 	11.165298 
669 	0.210154 	9.081 	11.121114 
670 	0.220595 	8.822 	10.572265 
671 	0.209065 	8.872 	10.297935 
672 	0.231644 	9.142 	11.148133 
673 	0.203167 	9.131 	10.864787 
674 	0.236699 	8.776 	9.786108 
675 	0.238823 	9.188 	11.011188 
676 	0.230409 	8.950 	10.158066 
677 	0.200762 	8.942 	10.50946 
678 	0.23044 	8.873 	10.158066 
679 	0.240089 	9.143 	11.282859 
680 	0.245638 	8.868 	10.370968 
681 	0.217698 	8.971 	10.823291 
682 	0.222493 	8.769 	9.674498 
683 	0.208754 	9.157 	10.947083 
684 	0.202082 	8.878 	10.199676 
685 	0.214213 	8.995 	10.942948 
686 	0.222048 	8.864 	9.571458 
687 	0.209022 	9.002 	10.384639 
688 	0.220478 	8.907 	10.460789 
689 	0.228479 	9.102 	10.940353 
690 	0.235359 	8.841 	10.177371 
691 	0.217338 	9.011 	10.727427 
692 	0.201417 	9.118 	10.979534 
693 	0.223891 	9.087 	11.043214 
694 	0.211117 	9.120 	11.301385 
695 	0.212373 	9.121 	11.023192 
696 	0.222006 	8.538 	9.590431 
697 	0.212413 	9.114 	11.02327 
698 	0.221989 	8.554 	9.590425 
699 	0.238258 	9.075 	11.523448 
700 	0.201898 	9.105 	10.844601 
701 	0.221347 	8.925 	10.082749 
702 	0.221609 	8.642 	9.867575 
703 	0.224379 	8.826 	10.488848 
704 	0.204498 	9.049 	10.487328 
705 	0.208943 	8.484 	9.54534 
706 	0.216132 	9.131 	10.892472 
707 	0.200653 	9.144 	11.32795 
708 	0.208937 	8.545 	9.545336 
709 	0.231209 	8.659 	9.258601 
710 	0.216133 	9.110 	10.892472 
711 	0.237659 	8.862 	10.124771 
712 	0.241992 	9.082 	10.455972 
713 	0.247397 	8.911 	10.423513 
714 	0.219056 	9.283 	10.518296 
715 	0.241412 	8.083 	9.084404 
716 	0.208776 	8.824 	9.850433 
717 	0.20877 	8.962 	10.23544 
718 	0.207613 	9.106 	10.950229 
719 	0.208655 	9.000 	10.649075 
720 	0.239062 	8.859 	10.485801 
721 	0.210079 	9.042 	10.476934 
722 	0.224123 	8.656 	9.516173 
723 	0.201015 	9.199 	10.921607 
724 	0.206217 	8.873 	9.965518 
725 	0.208539 	8.670 	9.990952 
726 	0.215535 	8.650 	9.996675 
727 	0.21905 	9.135 	11.153887 
728 	0.201475 	9.153 	10.952348 
729 	0.219215 	9.008 	11.010349 
730 	0.241631 	8.853 	10.484749 
731 	0.20604 	8.936 	9.959871 
732 	0.22772 	8.792 	9.929319 
733 	0.203034 	9.072 	10.766679 
734 	0.216352 	9.071 	10.949133 
735 	0.203118 	9.085 	10.767193 
736 	0.230095 	8.524 	9.151931 
737 	0.205858 	9.121 	11.16123 
738 	0.20489 	9.224 	10.96853 
739 	0.220293 	8.849 	10.460954 
740 	0.245297 	8.959 	10.42441 
741 	0.203483 	9.109 	11.045006 
742 	0.212372 	8.868 	10.197452 
743 	0.201611 	9.058 	11.039225 
744 	0.216006 	8.981 	10.134399 
745 	0.20961 	9.077 	10.825231 
746 	0.232631 	9.013 	10.389496 
747 	0.212526 	8.953 	11.281227 
748 	0.227922 	9.053 	10.980785 
749 	0.201255 	9.054 	10.882277 
750 	0.223613 	8.910 	10.49725 
751 	0.203843 	9.095 	11.316002 
752 	0.205736 	8.852 	10.123117 
753 	0.225875 	9.267 	11.135015 
754 	0.229177 	8.871 	10.436176 
755 	0.213244 	9.070 	11.378757 
756 	0.204179 	9.088 	11.135336 
757 	0.214291 	8.485 	9.09658 
758 	0.233719 	8.681 	9.670729 
759 	0.225143 	8.919 	10.511105 
760 	0.20703 	9.028 	11.074969 
761 	0.233742 	8.728 	9.670777 
762 	0.225148 	8.912 	10.511106 
763 	0.218162 	8.953 	10.917493 
764 	0.216458 	9.066 	10.289831 
765 	0.208573 	9.102 	10.944407 
766 	0.207149 	9.143 	11.160537 
767 	0.218882 	8.663 	10.02355 
768 	0.240648 	9.112 	11.036062 
769 	0.233939 	9.059 	11.024406 
770 	0.243118 	9.059 	11.218684 
771 	0.201155 	8.953 	10.733053 
772 	0.200282 	8.912 	9.892182 
773 	0.229001 	8.870 	10.293101 
774 	0.232256 	9.040 	10.869442 
775 	0.218928 	8.970 	11.544709 
776 	0.206855 	9.085 	10.733811 
777 	0.210119 	8.858 	10.112504 
778 	0.228447 	9.114 	9.968862 
779 	0.206798 	8.965 	10.223929 
780 	0.23684 	8.763 	10.225779 
781 	0.205125 	9.126 	10.999787 
782 	0.208091 	8.848 	10.107909 
783 	0.231549 	9.117 	10.645401 
784 	0.247042 	8.987 	10.761225 
785 	0.218991 	9.053 	10.88797 
786 	0.208997 	9.045 	10.636517 
787 	0.201213 	8.990 	10.639107 
788 	0.224659 	8.737 	9.798371 
789 	0.243857 	9.109 	10.833317 
790 	0.200905 	9.120 	10.955387 
791 	0.231958 	9.008 	10.502411 
792 	0.233639 	8.939 	10.236763 
793 	0.233155 	8.867 	10.095081 
794 	0.241149 	9.172 	11.379346 
795 	0.215229 	9.101 	10.576738 
796 	0.218257 	8.945 	10.168151 
797 	0.226576 	8.720 	9.704038 
798 	0.22854 	9.082 	11.09695 
799 	0.215618 	9.043 	10.310469 
800 	0.209314 	8.688 	9.983009 
801 	0.201426 	8.832 	10.255703 
802 	0.249958 	9.058 	10.91659 
803 	0.212567 	9.001 	10.285951 
804 	0.212065 	9.126 	11.00605 
805 	0.208516 	8.840 	10.382448 
806 	0.210906 	8.680 	9.913794 
807 	0.203727 	9.020 	10.232006 
808 	0.207053 	9.050 	10.44039 
809 	0.200874 	8.955 	10.151476 
810 	0.221738 	9.089 	11.062618 
811 	0.201151 	9.001 	11.150661 
812 	0.223494 	9.043 	11.097983 
813 	0.215686 	9.051 	11.420989 
814 	0.210281 	9.047 	10.274031 
815 	0.226866 	8.910 	10.221 
816 	0.207667 	9.122 	11.137603 
817 	0.201785 	9.048 	10.398878 
818 	0.211251 	9.040 	10.601539 
819 	0.207532 	9.054 	11.151176 
820 	0.232881 	8.767 	10.392983 
821 	0.23363 	8.848 	10.262083 
822 	0.243819 	8.942 	10.661385 
823 	0.21137 	9.144 	10.975817 
824 	0.210323 	9.125 	11.008528 
825 	0.242186 	9.044 	10.549002 
826 	0.242158 	9.064 	10.549002 
827 	0.235917 	9.067 	10.81941 
828 	0.21459 	8.940 	10.434884 
829 	0.234592 	9.113 	11.061101 
830 	0.20591 	9.124 	10.96032 
831 	0.210837 	8.955 	10.136947 
832 	0.23597 	9.067 	10.890844 
833 	0.206798 	9.092 	11.003397 
834 	0.213498 	9.073 	10.338931 
835 	0.219902 	9.072 	10.563288 
836 	0.206655 	9.091 	10.439123 
837 	0.211325 	9.050 	10.621593 
838 	0.229122 	9.046 	10.468773 
839 	0.220719 	8.887 	9.85482 
840 	0.247081 	9.052 	10.529049 
841 	0.218134 	8.995 	10.106235 
842 	0.228918 	9.045 	10.407218 
843 	0.210731 	8.886 	10.253974 
844 	0.205156 	8.909 	9.864633 
845 	0.205152 	8.915 	9.864633 
846 	0.227317 	8.877 	10.585349 
847 	0.217552 	8.980 	10.034089 
848 	0.216607 	9.065 	10.757084 
849 	0.216119 	8.963 	10.309195 
850 	0.227434 	8.913 	10.585931 
851 	0.244799 	8.994 	10.683413 
852 	0.219646 	8.886 	10.252896 
853 	0.223828 	9.007 	10.630828 
854 	0.21475 	8.810 	10.126143 
855 	0.24058 	9.130 	10.701562 
856 	0.224919 	9.054 	10.40264 
857 	0.247864 	9.153 	10.580784 
858 	0.225724 	8.972 	10.010451 
859 	0.213684 	9.044 	10.489691 
860 	0.24313 	8.689 	10.521537 
861 	0.21004 	8.786 	10.312346 
862 	0.202197 	8.862 	10.212935 
863 	0.211133 	9.082 	10.549803 
864 	0.216182 	8.985 	10.390182 
865 	0.204396 	8.862 	10.081915 
866 	0.220561 	9.009 	11.177565 
867 	0.226042 	8.909 	10.503255 
868 	0.215293 	9.014 	10.118092 
869 	0.226033 	8.960 	10.503178 
870 	0.235356 	9.045 	10.440495 
871 	0.201364 	9.050 	10.513852 
872 	0.214509 	8.988 	10.330735 
873 	0.219193 	9.076 	11.235142 
874 	0.211685 	8.769 	10.071883 
875 	0.207382 	9.049 	10.555572 
876 	0.207632 	9.089 	10.478745 
877 	0.216949 	9.054 	10.597066 
878 	0.206562 	8.767 	9.968757 
879 	0.215473 	9.019 	10.565857 
880 	0.201233 	8.860 	10.310568 
881 	0.240983 	8.974 	10.559768 
882 	0.208731 	9.008 	10.341645 
883 	0.214783 	9.156 	10.866425 
884 	0.228062 	9.048 	10.906912 
885 	0.231389 	9.227 	10.945121 
886 	0.219103 	8.911 	10.199573 
887 	0.247186 	9.082 	10.18529 
888 	0.243295 	9.004 	10.724753 
889 	0.210984 	9.090 	10.917286 
890 	0.242924 	9.061 	10.508174 
891 	0.202675 	9.109 	10.514973 
892 	0.215945 	8.876 	10.152731 
893 	0.229233 	8.941 	10.372964 
894 	0.234314 	8.959 	10.528604 
895 	0.229523 	9.053 	10.678239 
896 	0.202691 	9.156 	10.514996 
897 	0.220221 	8.976 	10.166369 
898 	0.220873 	9.017 	10.448354 
899 	0.234835 	9.114 	10.742003 
900 	0.216353 	9.090 	10.642109 
901 	0.202922 	9.047 	10.655725 
902 	0.238728 	9.072 	10.682876 
903 	0.231664 	9.044 	10.691455 
904 	0.232329 	9.051 	10.767028 
905 	0.223086 	9.077 	10.531842 
906 	0.205845 	9.069 	10.588675 
907 	0.224095 	9.103 	10.823046 
908 	0.215053 	9.089 	10.819023 
909 	0.202871 	8.968 	10.60194 
910 	0.21673 	9.049 	10.466845 
911 	0.234926 	8.975 	10.614033 
912 	0.200162 	8.870 	10.312144 
913 	0.207824 	9.045 	10.414062 
914 	0.214878 	9.053 	10.818152 
915 	0.240172 	8.940 	10.02043 
916 	0.248116 	8.989 	10.618506 
917 	0.218725 	8.851 	9.928123 
918 	0.244773 	9.050 	10.481713 
919 	0.207759 	9.151 	10.413893 
920 	0.207715 	8.995 	10.084402 
921 	0.214273 	9.009 	10.417315 
922 	0.226071 	9.152 	11.051011 
923 	0.204943 	8.807 	9.887027 
924 	0.23369 	8.982 	10.409661 
925 	0.229437 	8.913 	10.071399 
926 	0.2031 	8.882 	10.178359 
927 	0.226127 	9.155 	11.051375 
928 	0.20502 	8.839 	9.887419 
929 	0.233714 	9.043 	10.409684 
930 	0.244108 	9.089 	10.674855 
931 	0.229436 	8.933 	10.07136 
932 	0.203133 	8.937 	10.178587 
933 	0.227725 	8.910 	10.737295 
934 	0.203098 	8.897 	10.178359 
935 	0.213125 	9.059 	10.553229 
936 	0.218828 	9.191 	10.834807 
937 	0.218675 	8.815 	10.199036 
938 	0.223618 	9.051 	10.603676 
939 	0.20919 	9.125 	11.437432 
940 	0.20954 	9.093 	11.07495 
941 	0.208647 	8.833 	9.954638 
942 	0.216406 	9.127 	11.383947 
943 	0.202664 	9.051 	10.879642 
944 	0.21656 	9.087 	10.530323 
945 	0.222428 	8.989 	10.258593 
946 	0.229439 	9.128 	11.172851 
947 	0.200426 	9.101 	10.958028 
948 	0.218313 	8.953 	10.521753 
949 	0.234977 	8.834 	10.328864 
950 	0.207662 	9.088 	10.746395 
951 	0.200191 	8.975 	10.580764 
952 	0.220775 	9.105 	10.888663 
953 	0.241128 	8.955 	10.591149 
954 	0.233914 	8.999 	10.913049 
955 	0.215924 	8.646 	9.808836 
956 	0.216421 	9.048 	10.546931 
957 	0.203128 	9.015 	10.830007 
958 	0.238285 	9.001 	11.214871 
959 	0.24396 	9.015 	10.92951 
960 	0.221008 	8.999 	11.405645 
961 	0.209034 	8.787 	9.961846 
962 	0.247463 	8.855 	10.072957 
963 	0.200784 	8.774 	10.342557 
964 	0.217784 	9.087 	10.885485 
965 	0.231704 	9.061 	11.29064 
966 	0.244636 	9.052 	11.295543 
967 	0.223648 	9.051 	10.830956 
968 	0.24708 	9.149 	11.452901 
969 	0.2015 	9.094 	11.312037 
970 	0.242301 	8.840 	10.199609 
971 	0.20661 	9.180 	10.656437 
972 	0.20477 	9.141 	11.007162 
973 	0.216042 	8.936 	10.25682 
974 	0.218492 	8.850 	10.617422 
975 	0.200524 	9.042 	11.174853 
976 	0.231403 	8.752 	9.879715 
977 	0.206752 	8.533 	8.212907 
978 	0.20642 	8.947 	10.307583 
979 	0.206272 	8.751 	9.993899 
980 	0.203528 	8.969 	10.470389 
981 	0.201959 	9.076 	10.857133 
982 	0.201824 	9.089 	10.856461 
983 	0.221479 	9.048 	10.555597 
984 	0.249914 	9.016 	10.729801 
985 	0.226397 	8.686 	10.157823 
986 	0.206374 	8.824 	9.861746 
987 	0.219424 	9.066 	11.027033 
988 	0.229422 	8.911 	10.194564 
989 	0.202959 	8.695 	10.083191 
990 	0.232894 	9.057 	11.088097 
991 	0.216003 	9.103 	10.830162 
992 	0.214688 	9.012 	11.307549 
993 	0.217958 	9.135 	11.210906 
994 	0.204642 	8.991 	10.954938 
995 	0.201032 	8.831 	9.719071 
996 	0.221114 	8.997 	11.074242 
997 	0.203602 	9.089 	10.388106 
998 	0.247102 	8.653 	10.247663 
999 	0.23093 	9.116 	11.004596 
1000 	0.218435 	8.996 	10.20991 
1001 	0.203275 	9.052 	10.371143 
1002 	0.219202 	9.058 	11.204123 
1003 	0.222481 	9.323 	11.180757 
1004 	0.203928 	9.018 	10.59218 
1005 	0.215877 	9.162 	11.099794 
1006 	0.230799 	9.084 	11.006266 
1007 	0.218422 	9.008 	10.197825 
1008 	0.203331 	9.020 	10.383159 
1009 	0.208358 	9.133 	11.024123 
1010 	0.219214 	9.096 	11.191425 
1011 	0.212957 	9.054 	11.210188 
1012 	0.201431 	8.576 	9.564881 
1013 	0.204347 	8.685 	9.837108 
1014 	0.218612 	9.044 	10.259624 
1015 	0.201671 	8.975 	10.410182 
1016 	0.211271 	9.160 	11.220978 
1017 	0.239265 	8.972 	10.445708 
1018 	0.225745 	8.912 	10.37678 
1019 	0.212784 	9.091 	11.571911 
1020 	0.213835 	9.105 	11.024097 
1021 	0.201078 	9.088 	10.125785 
1022 	0.233418 	8.969 	10.19459 
1023 	0.217629 	8.910 	9.982922 
1024 	0.240143 	9.050 	11.16749 
1025 	0.217654 	8.913 	10.01501 
1026 	0.202284 	8.970 	10.418108 
1027 	0.21436 	8.810 	9.696543 
1028 	0.204255 	9.082 	10.293278 
1029 	0.206228 	9.059 	11.080902 
1030 	0.210469 	8.652 	10.089377 
1031 	0.202244 	9.008 	10.753345 
1032 	0.233747 	8.986 	10.914949 
1033 	0.241679 	8.912 	10.341118 
1034 	0.212609 	9.057 	10.521192 
1035 	0.21537 	9.050 	10.648129 
1036 	0.206447 	8.800 	10.201632 
1037 	0.234663 	8.284 	9.04912 
1038 	0.221902 	8.978 	11.055446 
1039 	0.243638 	9.137 	10.762241 
1040 	0.221274 	8.973 	10.182917 
1041 	0.205776 	8.982 	10.574935 
1042 	0.242188 	8.968 	11.271953 
1043 	0.205799 	8.849 	10.575286 
1044 	0.203427 	9.178 	11.071566 
1045 	0.20643 	8.688 	9.922632 
1046 	0.201793 	8.859 	10.211085 
1047 	0.201093 	9.070 	10.84271 
1048 	0.200394 	9.050 	10.848382 
1049 	0.200633 	8.944 	10.472072 
1050 	0.231349 	9.050 	10.902632 
1051 	0.201744 	8.708 	9.967151 
1052 	0.215062 	9.056 	10.992887 
1053 	0.207637 	8.407 	9.234297 
1054 	0.222998 	9.052 	11.077105 
1055 	0.207772 	8.992 	10.025436 
1056 	0.216344 	8.912 	10.013436 
1057 	0.205851 	8.850 	10.021899 
1058 	0.220339 	8.772 	10.138005 
1059 	0.221616 	9.157 	11.287216 
1060 	0.210114 	8.975 	10.214295 
1061 	0.213168 	9.222 	10.979053 
1062 	0.213275 	9.138 	10.979673 
1063 	0.214192 	9.048 	10.217325 
1064 	0.227711 	8.929 	10.471567 
1065 	0.249959 	9.100 	11.298014 
1066 	0.218499 	8.883 	10.257907 
1067 	0.227699 	8.930 	10.47156 
1068 	0.23796 	9.252 	10.600653 
1069 	0.209109 	9.078 	10.483357 
1070 	0.207669 	9.117 	11.101224 
1071 	0.214209 	9.075 	10.658394 
1072 	0.206412 	8.868 	10.494717 
1073 	0.221126 	8.797 	9.596141 
1074 	0.218865 	8.834 	10.534501 
1075 	0.21949 	9.048 	11.236753 
1076 	0.23549 	9.117 	10.194925 
1077 	0.211012 	9.016 	10.720626 
1078 	0.235472 	9.001 	10.712403 
1079 	0.206042 	9.046 	10.902912 
1080 	0.211438 	8.854 	10.200135 
1081 	0.235644 	9.148 	11.133078 
1082 	0.223863 	9.051 	10.991442 
1083 	0.225224 	9.001 	10.799824 
1084 	0.233469 	9.054 	11.068682 
1085 	0.201336 	9.123 	10.670822 
1086 	0.216113 	8.945 	10.315508 
1087 	0.201307 	8.832 	9.905072 
1088 	0.200857 	8.666 	10.016667 
1089 	0.243247 	8.805 	10.364237 
1090 	0.222213 	9.009 	10.705372 
1091 	0.213015 	9.118 	10.950156 
1092 	0.245229 	9.042 	10.821175 
1093 	0.206853 	9.095 	11.055299 
1094 	0.227781 	9.051 	10.302585 
1095 	0.231023 	9.005 	10.169968 
1096 	0.225216 	9.093 	11.136281 
1097 	0.247439 	9.082 	11.033997 
1098 	0.20112 	8.912 	9.818431 
1099 	0.238921 	9.011 	10.009104 
1100 	0.206185 	9.128 	11.111876 
1101 	0.208337 	9.113 	11.025911 
1102 	0.239751 	9.134 	11.499577 
1103 	0.219763 	9.096 	11.101972 
1104 	0.203998 	9.103 	10.634208 
1105 	0.245756 	9.099 	11.159179 
1106 	0.20843 	9.091 	10.850186 
1107 	0.201201 	8.970 	10.779854 
1108 	0.225901 	8.871 	9.909274 
1109 	0.222281 	8.993 	10.532384 
1110 	0.220569 	8.990 	10.559105 
1111 	0.201319 	8.837 	10.165817 
1112 	0.20626 	9.135 	11.030829 
1113 	0.228417 	9.111 	10.701066 
1114 	0.20034 	9.070 	10.924763 
1115 	0.232272 	8.966 	10.825525 
1116 	0.211317 	8.971 	10.253888 
1117 	0.228969 	8.872 	10.839883 
1118 	0.205358 	9.019 	10.91226 
1119 	0.235843 	8.923 	10.27601 
1120 	0.222272 	9.164 	11.094887 
1121 	0.239246 	8.869 	10.041613 
1122 	0.200136 	9.013 	11.059844 
1123 	0.211407 	8.977 	10.191904 
1124 	0.238937 	9.082 	10.713176 
1125 	0.200109 	8.950 	10.326406 
1126 	0.238337 	9.068 	10.571267 
1127 	0.249257 	8.907 	10.453109 
1128 	0.215007 	9.011 	10.769292 
1129 	0.203212 	8.966 	11.029953 
1130 	0.233191 	8.667 	9.831319 
1131 	0.228028 	9.132 	11.083829 
1132 	0.236254 	9.253 	11.18871 
1133 	0.208207 	9.041 	10.959383 
1134 	0.225936 	8.792 	10.225698 
1135 	0.231698 	8.877 	10.293779 
1136 	0.205017 	9.012 	11.16711 
1137 	0.205873 	9.086 	11.044703 
1138 	0.210168 	9.167 	11.071821 
1139 	0.240022 	8.891 	11.150189 
1140 	0.200694 	9.108 	11.088295 
1141 	0.224313 	8.962 	10.376365 
1142 	0.213425 	9.125 	10.901199 
1143 	0.244599 	8.985 	10.961957 
1144 	0.237161 	9.090 	10.836941 
1145 	0.222027 	9.134 	11.255456 
1146 	0.203421 	9.082 	10.878713 
1147 	0.240183 	8.765 	9.972091 
1148 	0.249569 	9.142 	11.390386 
1149 	0.221214 	8.853 	10.194884 
1150 	0.240372 	9.035 	10.907484 
1151 	0.20106 	9.050 	10.249518 
1152 	0.234723 	8.910 	11.210036 
1153 	0.237341 	8.860 	10.334476 
1154 	0.210856 	9.009 	10.308668 
1155 	0.208399 	9.114 	10.907403 
1156 	0.223942 	8.467 	9.44619 
1157 	0.247726 	8.850 	10.458211 
1158 	0.225416 	9.129 	11.214063 
1159 	0.210841 	8.802 	10.053459 
1160 	0.207711 	8.946 	10.271292 
1161 	0.226171 	9.140 	11.095632 
1162 	0.219345 	9.026 	11.349359 
1163 	0.203855 	8.658 	9.851593 
1164 	0.208508 	8.785 	9.933619 
1165 	0.217391 	9.103 	10.715318 
1166 	0.203115 	9.111 	10.922105 
1167 	0.212845 	9.089 	10.790858 
1168 	0.204572 	8.814 	9.6133 
1169 	0.215105 	9.164 	11.020638 
1170 	0.229656 	9.102 	11.02182 
1171 	0.204076 	8.986 	10.77833 
1172 	0.203919 	8.374 	10.476514 
1173 	0.244517 	8.727 	11.117877 
1174 	0.237852 	9.004 	10.387948 
1175 	0.218851 	8.948 	10.267226 
1176 	0.214328 	9.105 	10.931358 
1177 	0.209407 	9.007 	10.923401 
1178 	0.200308 	9.050 	10.94838 
1179 	0.211849 	8.971 	10.799157 
1180 	0.246727 	9.107 	10.95299 
1181 	0.229849 	8.766 	10.240569 
1182 	0.209297 	8.865 	10.692758 
1183 	0.211642 	8.970 	10.482354 
1184 	0.204949 	8.311 	9.382974 
1185 	0.238794 	8.772 	10.606894 
1186 	0.215288 	8.952 	10.929177 
1187 	0.204056 	8.742 	10.025888 
1188 	0.225688 	9.224 	11.256515 
1189 	0.233956 	9.085 	10.871856 
1190 	0.248382 	8.913 	10.206993 
1191 	0.211966 	9.252 	10.438077 
1192 	0.201403 	9.161 	10.793146 
1193 	0.224111 	8.774 	10.8739 
1194 	0.224668 	9.057 	10.971576 
1195 	0.213752 	9.112 	10.92977 
1196 	0.20702 	8.854 	10.121387 
1197 	0.206887 	8.914 	10.425257 
1198 	0.234267 	8.780 	10.09208 
1199 	0.21514 	8.899 	10.198037 
1200 	0.222121 	9.038 	10.979088 
1201 	0.203574 	8.859 	10.020906 
1202 	0.220636 	9.161 	11.098433 
1203 	0.218251 	8.715 	10.458235 
1204 	0.218993 	8.859 	10.76138 
1205 	0.204031 	9.020 	10.267679 
1206 	0.200449 	9.053 	10.836857 
1207 	0.206233 	8.652 	9.812505 
1208 	0.242395 	8.967 	10.149371 
1209 	0.229911 	9.112 	11.111948 
1210 	0.202961 	9.101 	10.60286 
1211 	0.203406 	8.737 	10.027493 
1212 	0.216595 	8.871 	10.302179 
1213 	0.205267 	8.905 	10.771274 
1214 	0.222125 	9.043 	10.92263 
1215 	0.220378 	8.851 	10.271603 
1216 	0.216255 	9.096 	11.177167 
1217 	0.210044 	8.908 	10.095179 
1218 	0.218063 	8.852 	9.945551 
1219 	0.231537 	8.952 	10.402634 
1220 	0.218834 	8.923 	10.27912 
1221 	0.223211 	8.802 	10.087726 
1222 	0.234668 	8.926 	10.480975 
1223 	0.227666 	9.011 	10.418022 
1224 	0.202532 	9.002 	10.421944 
1225 	0.203366 	9.046 	10.603969 
1226 	0.203415 	9.013 	10.604169 
1227 	0.208764 	8.733 	9.787234 
1228 	0.221152 	8.976 	11.155301 
1229 	0.214496 	8.712 	9.909058 
1230 	0.237406 	9.084 	11.301073 
1231 	0.210435 	8.838 	10.809558 
1232 	0.207319 	9.130 	10.918734 
1233 	0.204381 	8.842 	10.07831 
1234 	0.20465 	9.053 	10.959728 
1235 	0.219126 	9.084 	11.034074 
1236 	0.205383 	8.845 	9.7834 
1237 	0.247883 	8.815 	10.876726 
1238 	0.211244 	9.049 	10.794683 
1239 	0.207851 	9.083 	10.931032 
1240 	0.208585 	9.084 	11.021755 
1241 	0.208631 	9.092 	11.141998 
1242 	0.235966 	8.837 	9.493294 
1243 	0.229846 	8.971 	10.813217 
1244 	0.204321 	8.934 	10.62007 
1245 	0.231481 	8.874 	10.559581 
1246 	0.246408 	8.980 	10.729175 
1247 	0.20358 	8.977 	10.645826 
1248 	0.202802 	9.144 	10.913092 
1249 	0.212467 	9.120 	10.985575 
1250 	0.243129 	8.667 	9.489059 
1251 	0.212457 	9.101 	10.985574 
1252 	0.203231 	8.670 	9.772607 
1253 	0.240897 	9.019 	10.872771 
1254 	0.228798 	9.107 	11.018932 
1255 	0.2005 	9.044 	11.061679 
1256 	0.207567 	9.150 	11.477239 
1257 	0.212769 	8.934 	10.723157 
1258 	0.20963 	9.086 	10.872299 
1259 	0.21857 	8.770 	9.59745 
1260 	0.204196 	8.818 	10.142482 
1261 	0.222132 	9.113 	10.91817 
1262 	0.21249 	9.083 	10.752629 
1263 	0.211584 	9.116 	10.826907 
1264 	0.242804 	9.250 	11.070674 
1265 	0.204302 	8.850 	9.932813 
1266 	0.225406 	9.042 	10.858454 
1267 	0.227222 	9.069 	11.1251 
1268 	0.207793 	9.018 	10.428284 
1269 	0.213882 	8.962 	10.830778 
1270 	0.229587 	8.984 	10.496123 
1271 	0.204867 	9.117 	10.934291 
1272 	0.210049 	8.823 	10.503392 
1273 	0.222483 	8.905 	10.714327 
1274 	0.215428 	8.867 	10.665765 
1275 	0.205912 	8.879 	10.245947 
1276 	0.217044 	8.552 	9.675751 
1277 	0.247602 	9.147 	11.157861 
1278 	0.203343 	8.990 	10.527346 
1279 	0.248098 	8.964 	10.457822 
1280 	0.223467 	9.063 	10.44608 
1281 	0.239178 	9.092 	11.570706 
1282 	0.248771 	9.046 	10.613933 
1283 	0.235594 	8.490 	10.29545 
1284 	0.21235 	9.089 	10.493871 
1285 	0.208468 	9.111 	10.701496 
1286 	0.206469 	8.837 	10.296859 
1287 	0.212061 	9.093 	11.024787 
1288 	0.227053 	9.055 	10.986135 
1289 	0.219406 	9.053 	10.845076 
1290 	0.21531 	9.060 	11.042337 
1291 	0.204547 	9.118 	11.006996 
1292 	0.216353 	8.950 	10.503222 
1293 	0.215594 	8.788 	10.101072 
1294 	0.213208 	8.877 	10.376057 
1295 	0.232335 	8.780 	9.993332 
1296 	0.212464 	8.968 	10.45129 
1297 	0.208824 	9.119 	11.119894 
1298 	0.238096 	8.957 	10.520739 
1299 	0.200559 	9.053 	10.828133 
1300 	0.219473 	9.009 	11.186114 
1301 	0.244995 	9.145 	11.005334 
1302 	0.228921 	8.994 	10.229346 
1303 	0.216254 	9.075 	10.729312 
1304 	0.247283 	9.063 	10.713097 
1305 	0.218909 	8.626 	9.8592 
1306 	0.225053 	8.910 	9.973751 
1307 	0.216469 	8.986 	10.254695 
1308 	0.213894 	8.996 	10.055952 
1309 	0.203553 	9.080 	10.109164 
1310 	0.202651 	8.296 	9.877893 
1311 	0.202035 	9.055 	10.407403 
1312 	0.200259 	9.124 	10.355382 
1313 	0.20023 	9.071 	10.289712 
1314 	0.216326 	9.167 	10.917019 
1315 	0.200544 	9.100 	10.212605 
1316 	0.244833 	8.958 	10.068285 
1317 	0.201335 	8.983 	9.906567 
1318 	0.243631 	8.964 	10.225077 
1319 	0.22735 	8.658 	9.985951 
1320 	0.216223 	8.798 	10.040954 
1321 	0.218854 	8.960 	10.141057 
1322 	0.201056 	8.927 	10.440216 
1323 	0.201073 	8.767 	10.157694 
1324 	0.218342 	8.851 	10.018784 
1325 	0.222767 	8.837 	9.858104 
1326 	0.233679 	9.060 	10.860125 
1327 	0.218331 	8.981 	10.284928 
1328 	0.213099 	8.860 	10.069148 
1329 	0.21665 	8.966 	10.07438 
1330 	0.247989 	8.976 	9.815499 
1331 	0.200928 	8.731 	9.94188 
1332 	0.214796 	8.828 	10.184038 
1333 	0.222549 	8.925 	9.963874 
1334 	0.21996 	8.959 	10.540104 
1335 	0.218291 	8.825 	10.150795 
1336 	0.21557 	8.859 	10.071399 
1337 	0.200715 	8.907 	10.133891 
1338 	0.200414 	8.660 	10.290118 
1339 	0.214478 	9.087 	12.086118 
1340 	0.219158 	9.046 	9.688623 
1341 	0.221689 	8.887 	9.913693 
1342 	0.220979 	8.944 	10.203291 
1343 	0.238744 	8.989 	10.154836 
1344 	0.207139 	9.009 	10.597191 
1345 	0.202324 	8.998 	10.504696 
1346 	0.208637 	9.048 	10.604979 
1347 	0.207954 	8.853 	9.57571 
1348 	0.232014 	8.903 	10.663627 
1349 	0.205126 	8.595 	9.564828 
1350 	0.230505 	8.974 	10.241788 
1351 	0.228747 	9.043 	10.54174 
1352 	0.208625 	8.875 	9.809721 
1353 	0.203453 	8.858 	9.825621 
1354 	0.215664 	8.884 	9.85791 
1355 	0.219146 	8.909 	10.386049 
1356 	0.211352 	9.050 	10.866541 
1357 	0.208603 	9.013 	10.390175 
1358 	0.2237 	8.892 	9.991776 
1359 	0.217718 	8.997 	10.688434 
1360 	0.236893 	9.114 	10.443702 
1361 	0.21749 	9.015 	10.405622 
1362 	0.236538 	9.044 	10.802497 
1363 	0.216013 	9.124 	10.514906 
1364 	0.200414 	8.340 	9.821171 
1365 	0.20796 	9.007 	10.077298 
1366 	0.207646 	8.856 	9.951513 
1367 	0.225513 	9.222 	10.85457 
1368 	0.208428 	9.015 	10.683083 
1369 	0.220288 	9.058 	10.236665 
1370 	0.210753 	8.953 	9.920512 
1371 	0.22567 	8.867 	9.947788 
1372 	0.205012 	8.937 	10.423213 
1373 	0.215129 	9.122 	10.508899 
1374 	0.205586 	9.029 	10.333629 
1375 	0.20562 	8.835 	10.135152 
1376 	0.219162 	8.944 	9.988905 
1377 	0.220225 	9.083 	10.932944 
1378 	0.234391 	8.914 	10.147665 
1379 	0.207014 	8.915 	10.289935 
1380 	0.226552 	9.097 	10.625634 
1381 	0.218596 	8.771 	9.597469 
1382 	0.227308 	9.112 	10.926662 
1383 	0.228484 	8.987 	10.17672 
1384 	0.226404 	9.005 	10.263325 
1385 	0.225493 	9.130 	10.411622 
1386 	0.227747 	9.050 	10.2506 
1387 	0.208576 	8.778 	9.775652 
1388 	0.248949 	9.005 	10.426123 
1389 	0.205761 	8.877 	10.087476 
1390 	0.234811 	8.840 	9.935975 
1391 	0.232626 	9.008 	10.888232 
1392 	0.210944 	8.908 	9.901355 
1393 	0.226862 	9.008 	10.770194 
1394 	0.238158 	8.996 	10.770781 
1395 	0.224694 	9.035 	10.475043 
1396 	0.237348 	8.849 	9.988521 
1397 	0.242047 	8.771 	10.370612 
1398 	0.237937 	8.753 	9.808135 
1399 	0.2294 	8.875 	10.003313 
1400 	0.2296 	8.876 	10.239661 
1401 	0.215378 	9.039 	10.477951 
1402 	0.23463 	9.116 	10.972539 
1403 	0.202336 	9.044 	10.063774 
1404 	0.210723 	8.941 	10.012198 
1405 	0.206645 	9.058 	11.465181 
1406 	0.220222 	9.089 	10.603212 
1407 	0.229837 	8.710 	9.716729 
1408 	0.228414 	8.778 	9.774098 
1409 	0.210458 	9.140 	10.871534 
1410 	0.209677 	9.079 	10.612946 
1411 	0.239035 	8.649 	9.765357 
1412 	0.219689 	8.720 	9.649121 
1413 	0.204178 	8.827 	10.142269 
1414 	0.247884 	8.863 	10.58954 
1415 	0.230081 	8.912 	10.227264 
1416 	0.231801 	8.943 	10.812927 
1417 	0.215699 	8.841 	10.253102 
1418 	0.244003 	8.882 	10.012107 
1419 	0.210636 	9.029 	10.3595 
1420 	0.202603 	9.008 	10.347704 
1421 	0.238846 	8.565 	9.954151 
1422 	0.211808 	9.000 	10.216924 
1423 	0.224765 	8.835 	9.904398 
1424 	0.205408 	8.945 	10.461378 
1425 	0.210888 	8.861 	9.884159 
1426 	0.243849 	8.767 	9.91531 
1427 	0.236921 	8.882 	10.283639 
1428 	0.235637 	8.987 	9.817455 
1429 	0.214181 	8.977 	10.4345 
1430 	0.2026 	9.044 	10.347704 
1431 	0.210647 	9.046 	10.359552 
1432 	0.211779 	8.996 	10.216796 
1433 	0.224783 	8.790 	9.904624 
1434 	0.238813 	8.522 	9.953969 
1435 	0.205441 	8.969 	10.46153 
1436 	0.210892 	8.855 	9.884159 
1437 	0.243877 	8.828 	9.915361 
1438 	0.236947 	8.933 	10.283658 
1439 	0.235649 	8.957 	9.817479 
1440 	0.230905 	9.099 	11.191586 
1441 	0.229714 	9.013 	10.70938 
1442 	0.214178 	9.051 	10.4345 
1443 	0.213434 	8.590 	10.147898 
1444 	0.237106 	8.800 	10.002819 
1445 	0.236087 	9.059 	10.48406 
1446 	0.236278 	8.874 	10.182385 
1447 	0.210298 	9.121 	10.478429 
1448 	0.233579 	8.570 	9.973722 
1449 	0.229533 	8.730 	9.972473 
1450 	0.235597 	8.761 	9.858384 
1451 	0.222692 	9.066 	10.528989 
1452 	0.224329 	9.052 	10.37199 
1453 	0.210272 	8.870 	10.679379 
1454 	0.226113 	9.140 	10.894864 
1455 	0.209657 	9.051 	10.613866 
1456 	0.232332 	8.784 	9.943004 
1457 	0.210292 	8.831 	9.812745 
1458 	0.239276 	9.089 	9.892073 
1459 	0.228421 	8.768 	9.831255 
1460 	0.22736 	9.064 	10.271114 
1461 	0.204323 	8.851 	9.932813 
1462 	0.215733 	8.974 	10.158793 
1463 	0.242201 	8.570 	9.753027 
1464 	0.240071 	9.006 	11.379715 
1465 	0.207433 	9.119 	10.952981 
1466 	0.226501 	9.113 	10.910894 
1467 	0.223883 	9.091 	10.976454 
1468 	0.208786 	8.828 	10.316236 
1469 	0.208782 	8.833 	10.316236 
1470 	0.21706 	8.805 	10.239258 
1471 	0.233981 	8.979 	10.543754 
1472 	0.200349 	9.144 	10.988348 
1473 	0.205253 	9.262 	11.068058 
1474 	0.229558 	8.590 	9.790466 
1475 	0.20535 	9.193 	11.173787 
1476 	0.21655 	8.782 	10.056741 
1477 	0.210307 	8.977 	10.401135 
1478 	0.211671 	8.911 	10.177707 
1479 	0.202395 	9.094 	11.163336 
1480 	0.204137 	9.053 	10.745215 
1481 	0.23761 	8.886 	10.192429 
1482 	0.20198 	8.907 	10.639099 
1483 	0.205567 	9.014 	10.333238 
1484 	0.225847 	8.648 	9.953562 
1485 	0.231198 	9.172 	11.095343 
1486 	0.238742 	8.912 	10.497831 
1487 	0.242178 	9.139 	11.093254 
1488 	0.20352 	8.772 	9.845885 
1489 	0.222796 	8.908 	10.266989 
1490 	0.235865 	8.709 	9.90695 
1491 	0.221606 	9.086 	11.155438 
1492 	0.234266 	8.816 	10.144719 
1493 	0.24278 	8.972 	10.77873 
1494 	0.220527 	8.894 	10.397873 
1495 	0.213053 	9.118 	11.010526 
1496 	0.21945 	8.698 	9.826383 
1497 	0.208971 	9.231 	10.6291 
1498 	0.215865 	8.688 	9.540458 
1499 	0.224536 	8.868 	9.925936 
1500 	0.226612 	8.692 	10.009791 
1501 	0.227195 	8.662 	9.961325 
1502 	0.24207 	8.607 	9.410847 
1503 	0.227509 	9.107 	10.785219 
1504 	0.205163 	9.051 	10.550481 
1505 	0.242562 	8.966 	10.220379 
1506 	0.204146 	8.866 	10.081094 
1507 	0.225145 	8.975 	10.058208 
1508 	0.225341 	8.951 	10.520562 
1509 	0.224618 	8.851 	9.651906 
1510 	0.206959 	8.551 	9.602388 
1511 	0.240243 	8.984 	10.440217 
1512 	0.237251 	8.825 	10.027437 
1513 	0.231421 	9.059 	10.772018 
1514 	0.242778 	8.936 	10.199511 
1515 	0.200948 	9.083 	10.444589 
1516 	0.200069 	9.003 	10.034204 
1517 	0.239141 	8.958 	10.421173 
1518 	0.226533 	8.971 	10.497747 
1519 	0.222393 	8.790 	10.036777 
1520 	0.239401 	8.789 	10.237809 
1521 	0.217073 	8.938 	9.994261 
1522 	0.24486 	9.090 	10.643232 
1523 	0.225481 	8.990 	10.074494 
1524 	0.206958 	8.582 	9.602388 
1525 	0.206773 	8.954 	9.935664 
1526 	0.230824 	9.042 	9.933539 
1527 	0.226381 	9.081 	10.649486 
1528 	0.220792 	8.827 	10.320016 
1529 	0.218611 	9.061 	10.838497 
1530 	0.23251 	8.834 	10.114728 
1531 	0.238392 	8.998 	10.254851 
1532 	0.225046 	8.933 	9.958274 
1533 	0.221895 	8.950 	9.827209 
1534 	0.213429 	9.062 	10.324965 
1535 	0.239305 	8.848 	9.735686 
1536 	0.218271 	8.971 	10.863371 
1537 	0.200131 	8.620 	9.507604 
1538 	0.221573 	8.983 	10.080911 
1539 	0.211646 	8.534 	9.479073 
1540 	0.219842 	9.108 	10.917315 
1541 	0.238999 	8.909 	9.931036 
1542 	0.22698 	8.618 	9.727363 
1543 	0.21264 	9.234 	11.203928 
1544 	0.219747 	9.005 	10.583344 
1545 	0.224852 	8.951 	10.28523 
1546 	0.225374 	8.963 	10.503105 
1547 	0.214798 	8.799 	9.964305 
1548 	0.201102 	8.839 	10.145414 
1549 	0.246629 	8.990 	10.714216 
1550 	0.227401 	8.764 	10.187102 
1551 	0.230013 	9.124 	11.123017 
1552 	0.232696 	9.015 	11.150744 
1553 	0.206272 	8.866 	10.097608 
1554 	0.223761 	9.089 	10.800401 
1555 	0.243147 	9.019 	10.791418 
1556 	0.222204 	9.104 	10.396194 
1557 	0.22279 	8.834 	10.200089 
1558 	0.206958 	9.154 	11.066534 
1559 	0.215037 	9.085 	10.419619 
1560 	0.219681 	9.166 	11.346544 
1561 	0.238935 	8.999 	10.434246 
1562 	0.208801 	9.105 	10.913832 
1563 	0.243851 	8.939 	10.666954 
1564 	0.213526 	9.067 	10.809959 
1565 	0.229782 	8.990 	10.427213 
1566 	0.200756 	8.830 	10.455599 
1567 	0.240063 	9.059 	11.189091 
1568 	0.214961 	9.168 	11.200293 
1569 	0.201912 	9.099 	10.506869 
1570 	0.205197 	9.115 	10.933693 
1571 	0.235902 	9.127 	10.867593 
1572 	0.205926 	8.980 	9.902477 
1573 	0.235885 	9.010 	10.888846 
1574 	0.231539 	8.960 	11.405631 
1575 	0.202319 	9.094 	11.032123 
1576 	0.220242 	9.071 	11.310635 
1577 	0.229042 	8.703 	9.798969 
1578 	0.213359 	8.599 	9.524796 
1579 	0.222028 	9.143 	10.903667 
1580 	0.225221 	8.815 	9.815015 
1581 	0.223894 	9.070 	11.07347 
1582 	0.217833 	9.047 	10.715619 
1583 	0.247082 	9.139 	11.010147 
1584 	0.208692 	9.042 	10.836879 
1585 	0.233059 	9.094 	11.288922 
1586 	0.200307 	9.055 	10.951993 
1587 	0.242499 	9.101 	11.245318 
1588 	0.23874 	9.114 	10.941177 
1589 	0.232874 	9.012 	9.668669 
1590 	0.238827 	8.787 	10.606899 
1591 	0.220515 	9.088 	11.082884 
1592 	0.219644 	8.819 	10.029093 
1593 	0.225656 	9.045 	10.973732 
1594 	0.229593 	9.138 	11.146343 
1595 	0.200139 	9.113 	10.845779 
1596 	0.205385 	8.820 	10.523781 
1597 	0.241979 	8.874 	10.163156 
1598 	0.204591 	8.841 	9.992029 
1599 	0.215847 	8.842 	10.012675 
1600 	0.201809 	9.131 	10.972493 
1601 	0.210897 	9.009 	10.983023 
1602 	0.201952 	9.049 	10.41751 
1603 	0.204281 	9.138 	11.343044 
1604 	0.240771 	9.160 	11.31463 
1605 	0.224712 	9.089 	10.836361 
1606 	0.203287 	9.090 	11.183325 
1607 	0.205135 	8.972 	10.317475 
1608 	0.209222 	8.820 	9.915771 
1609 	0.209975 	8.998 	10.346148 
1610 	0.204261 	8.719 	9.945813 
1611 	0.226095 	8.975 	10.318789 
1612 	0.213594 	9.044 	10.947757 
1613 	0.227326 	8.985 	10.90268 
1614 	0.22312 	8.839 	10.329518 
1615 	0.248132 	9.138 	10.61989 
1616 	0.218165 	8.650 	9.604816 
1617 	0.226469 	9.059 	10.802236 
1618 	0.200647 	8.910 	9.99165 
1619 	0.227737 	8.817 	10.135108 
1620 	0.202134 	8.707 	9.818059 
1621 	0.221215 	8.846 	10.212268 
1622 	0.221301 	8.969 	10.71829 
1623 	0.216781 	8.949 	10.314192 
1624 	0.205668 	9.118 	11.31369 
1625 	0.243429 	8.983 	11.015577 
1626 	0.243357 	8.849 	10.652216 
1627 	0.222044 	9.181 	10.36457 
1628 	0.229589 	9.158 	10.98403 
1629 	0.220926 	8.792 	9.815503 
1630 	0.205685 	8.846 	10.124431 
1631 	0.229884 	8.833 	10.165329 
1632 	0.201926 	9.189 	10.998374 
1633 	0.221931 	9.081 	11.155726 
1634 	0.229023 	8.698 	10.501738 
1635 	0.248985 	8.921 	10.24941 
1636 	0.219679 	8.984 	10.46209 
1637 	0.220182 	9.075 	10.931863 
1638 	0.208799 	8.687 	9.629827 
1639 	0.227933 	8.817 	10.184635 
1640 	0.235871 	9.083 	11.184859 
1641 	0.224754 	9.098 	11.053393 
1642 	0.213852 	9.103 	10.493085 
1643 	0.21954 	8.881 	9.896623 
1644 	0.217776 	8.905 	10.141314 
1645 	0.241428 	8.990 	10.147956 
1646 	0.230224 	8.837 	10.00021 
1647 	0.209508 	9.012 	10.211077 
1648 	0.201921 	8.810 	9.996487 
1649 	0.238226 	9.017 	10.944201 
1650 	0.218228 	9.013 	10.214215 
1651 	0.246926 	9.081 	10.765238 
1652 	0.232298 	8.802 	10.314257 
1653 	0.204579 	8.834 	9.992029 
1654 	0.234828 	9.098 	11.000935 
1655 	0.204798 	9.057 	10.924181 
1656 	0.2268 	9.130 	10.949772 
1657 	0.225441 	9.098 	10.999619 
1658 	0.244775 	9.141 	10.960117 
1659 	0.232606 	8.941 	10.053197 
1660 	0.203686 	9.158 	11.02584 
1661 	0.211953 	8.825 	10.224916 
1662 	0.23821 	9.046 	11.064288 
1663 	0.244859 	9.100 	10.725317 
1664 	0.208547 	8.990 	10.613242 
1665 	0.234388 	8.712 	10.037363 
1666 	0.215031 	8.974 	10.688124 
1667 	0.218395 	9.091 	11.177068 
1668 	0.223414 	9.012 	10.65314 
1669 	0.247239 	8.847 	10.382377 
1670 	0.200928 	8.996 	11.072432 
1671 	0.249461 	9.087 	11.124094 
1672 	0.214623 	9.097 	10.862443 
1673 	0.217572 	9.133 	11.089549 
1674 	0.219642 	9.006 	10.400421 
1675 	0.247285 	8.862 	10.382707 
1676 	0.208238 	8.735 	10.176148 
1677 	0.214794 	9.091 	10.863783 
1678 	0.207933 	9.058 	10.337914 
1679 	0.214409 	9.110 	11.28116 
1680 	0.210544 	9.006 	10.311644 
1681 	0.214999 	9.051 	10.785719 
1682 	0.23831 	9.094 	11.174706 
1683 	0.219473 	8.657 	9.921995 
1684 	0.231514 	9.010 	10.818209 
1685 	0.214305 	9.058 	11.086948 
1686 	0.22021 	8.910 	10.295638 
1687 	0.232076 	9.002 	10.939237 
1688 	0.232106 	9.050 	10.939256 
1689 	0.216075 	9.095 	11.107188 
1690 	0.206282 	8.974 	10.532128 
1691 	0.202712 	9.027 	11.06633 
1692 	0.207003 	8.688 	9.822535 
1693 	0.227244 	8.943 	10.339834 
1694 	0.221835 	9.107 	10.517515 
1695 	0.201488 	9.042 	10.875943 
1696 	0.217979 	9.010 	10.66194 
1697 	0.216482 	9.119 	11.266701 
1698 	0.201137 	9.128 	11.517293 
1699 	0.201471 	9.050 	10.639692 
1700 	0.22335 	9.095 	10.99063 
1701 	0.223567 	8.741 	9.237361 
1702 	0.223673 	8.730 	10.163059 
1703 	0.218704 	9.141 	11.031051 
1704 	0.228103 	9.090 	10.536843 
1705 	0.20585 	9.064 	11.10037 
1706 	0.2074 	9.071 	10.588158 
1707 	0.201965 	8.954 	10.638596 
1708 	0.224439 	9.102 	11.119368 
1709 	0.242248 	8.681 	9.862759 
1710 	0.240986 	8.967 	10.317279 
1711 	0.22693 	8.872 	10.493565 
1712 	0.217289 	8.825 	9.981144 
1713 	0.227456 	8.855 	9.988807 
1714 	0.232858 	8.826 	9.933887 
1715 	0.228447 	8.884 	10.274251 
1716 	0.222374 	8.984 	10.861901 
1717 	0.237824 	9.092 	11.058062 
1718 	0.208822 	9.163 	10.941499 
1719 	0.235793 	8.909 	10.476124 
1720 	0.203223 	8.876 	10.169634 
1721 	0.240385 	9.193 	11.115506 
1722 	0.206834 	9.143 	11.100598 
1723 	0.229122 	8.280 	9.619287 
1724 	0.206717 	9.059 	11.099916 
1725 	0.20641 	8.772 	12.86995 
1726 	0.223533 	9.158 	10.550126 
1727 	0.217609 	8.809 	11.359854 
1728 	0.219241 	8.833 	10.105664 
1729 	0.227058 	8.201 	9.032908 
1730 	0.238025 	9.110 	11.142909 
1731 	0.208381 	9.112 	10.97778 
1732 	0.20886 	8.779 	9.921152 
1733 	0.241117 	9.009 	10.961542 
1734 	0.210699 	9.110 	10.747654 
1735 	0.219642 	8.979 	10.189274 
1736 	0.201668 	9.018 	11.211641 
1737 	0.205346 	9.100 	10.790916 
1738 	0.202828 	8.848 	10.498867 
1739 	0.248312 	8.905 	10.862924 
1740 	0.22588 	9.100 	11.188875 
1741 	0.205217 	8.990 	10.411838 
1742 	0.20416 	8.681 	9.645988 
1743 	0.210436 	8.967 	10.40187 
1744 	0.204163 	9.093 	11.001768 
1745 	0.213322 	8.942 	10.294428 
1746 	0.202897 	8.757 	9.26932 
1747 	0.230715 	8.869 	10.064975 
1748 	0.209948 	9.084 	10.521589 
1749 	0.226811 	8.269 	9.1388 
1750 	0.248946 	9.058 	11.223495 
1751 	0.208549 	8.595 	9.336595 
1752 	0.201603 	9.066 	10.783166 
1753 	0.205714 	8.919 	10.111983 
1754 	0.226717 	9.152 	10.919213 
1755 	0.202846 	9.092 	11.087624 
1756 	0.202792 	8.996 	10.733848 
1757 	0.212021 	9.009 	10.22217 
1758 	0.232012 	9.015 	10.395982 
1759 	0.215943 	9.084 	10.221319 
1760 	0.210875 	9.092 	10.138957 
1761 	0.206034 	8.677 	10.449292 
1762 	0.21082 	8.876 	10.341421 
1763 	0.206678 	9.099 	10.53793 
1764 	0.228474 	9.017 	10.942004 
1765 	0.231943 	9.149 	11.659489 
1766 	0.239978 	8.990 	10.611909 
1767 	0.202199 	8.316 	9.59288 
1768 	0.237018 	8.644 	9.173091 
1769 	0.202697 	9.031 	11.017954 
1770 	0.209512 	9.116 	11.033541 
1771 	0.210614 	8.901 	11.128265 
1772 	0.200435 	8.776 	11.176381 
1773 	0.219064 	9.054 	11.06361 
1774 	0.208879 	8.893 	12.755651 
1775 	0.20939 	8.908 	11.000244 
1776 	0.203432 	9.132 	11.359932 
1777 	0.209615 	9.049 	10.811576 
1778 	0.215536 	9.123 	11.049244 
1779 	0.249394 	9.050 	10.705866 
1780 	0.201815 	9.013 	10.606213 
1781 	0.221015 	8.846 	9.773335 
1782 	0.217857 	8.877 	10.311763 
1783 	0.205685 	8.950 	9.75681 
1784 	0.220998 	9.063 	10.627818 
1785 	0.215172 	9.105 	11.045393 
1786 	0.206308 	9.145 	11.028385 
1787 	0.22348 	9.149 	11.06148 
1788 	0.228788 	9.225 	11.07796 
1789 	0.218401 	8.963 	11.035165 
1790 	0.226489 	9.050 	10.544245 
1791 	0.231115 	9.117 	10.730517 
1792 	0.204263 	9.121 	10.899633 
1793 	0.206324 	8.713 	10.031932 
1794 	0.205152 	9.092 	10.771015 
1795 	0.222233 	8.900 	10.102332 
1796 	0.233827 	8.909 	10.146579 
1797 	0.23633 	8.949 	10.607347 
1798 	0.224181 	8.871 	9.957537 
1799 	0.207932 	9.132 	11.071887 
1800 	0.205066 	8.924 	10.148886 
1801 	0.22778 	8.870 	10.740892 
1802 	0.201106 	9.059 	10.723925 
1803 	0.204404 	9.090 	10.937586 
1804 	0.210579 	8.955 	10.46682 
1805 	0.208645 	9.110 	10.871248 
1806 	0.211067 	9.126 	10.944283 
1807 	0.24377 	9.077 	10.931876 
1808 	0.248451 	9.070 	11.019201 
1809 	0.215214 	9.009 	11.201858 
1810 	0.224817 	8.868 	10.121281 
1811 	0.212589 	9.000 	11.099602 
1812 	0.217951 	8.982 	10.426531 
1813 	0.234167 	8.901 	10.539349 
1814 	0.224718 	8.997 	10.44814 
1815 	0.222066 	9.073 	10.925606 
1816 	0.24862 	8.812 	10.51274 
1817 	0.210203 	8.967 	10.129673 
1818 	0.207741 	9.062 	10.678026 
1819 	0.209908 	8.710 	9.583677 
1820 	0.218314 	9.092 	10.854575 
1821 	0.217144 	9.096 	11.102909 
1822 	0.236971 	8.902 	11.620208 
1823 	0.228787 	8.987 	11.189027 
1824 	0.205646 	9.147 	10.887428 
1825 	0.224862 	8.947 	10.024539 
1826 	0.228096 	8.852 	10.293293 
1827 	0.201028 	9.126 	11.030943 
1828 	0.232265 	9.084 	10.965518 
1829 	0.204745 	8.696 	9.924815 
1830 	0.223993 	8.724 	10.110551 
1831 	0.201647 	9.101 	10.909236 
1832 	0.202718 	9.051 	10.957539 
1833 	0.218328 	9.019 	10.998211 
1834 	0.221103 	9.093 	11.363566 
1835 	0.242917 	9.087 	11.216307 
1836 	0.221232 	8.849 	10.267683 
1837 	0.223328 	8.973 	10.685217 
1838 	0.223037 	9.006 	11.315943 
1839 	0.217172 	8.990 	11.03922 
1840 	0.217897 	9.008 	10.762998 
1841 	0.214098 	9.086 	11.131406 
1842 	0.207171 	8.910 	10.507282 
1843 	0.232925 	8.785 	10.299572 
1844 	0.240368 	8.919 	10.489243 
1845 	0.214844 	9.115 	10.774417 
1846 	0.230989 	9.063 	11.41882 
1847 	0.232871 	9.159 	11.147799 
1848 	0.214725 	9.146 	11.250676 
1849 	0.208902 	8.806 	10.127393 
1850 	0.206282 	9.075 	11.052521 
1851 	0.225621 	8.864 	9.906575 
1852 	0.239921 	8.899 	9.720803 
1853 	0.218705 	9.226 	11.181955 
1854 	0.208491 	9.175 	11.114529 
1855 	0.20543 	9.121 	11.026937 
1856 	0.207078 	8.955 	10.717124 
1857 	0.214494 	9.067 	11.086041 
1858 	0.223129 	8.890 	9.94415 
1859 	0.215708 	9.048 	10.912996 
1860 	0.201384 	9.077 	10.861997 
1861 	0.203912 	8.689 	9.85672 
1862 	0.200042 	8.971 	11.093863 
1863 	0.24741 	8.844 	10.196272 
1864 	0.202956 	9.110 	10.943036 
1865 	0.218315 	8.953 	10.205999 
1866 	0.220852 	8.902 	10.188785 
1867 	0.243254 	8.973 	10.280949 
1868 	0.218176 	9.158 	11.216373 
1869 	0.207349 	9.056 	11.1336 
1870 	0.201726 	9.113 	11.123879 
1871 	0.201919 	9.266 	11.111324 
1872 	0.203473 	9.100 	10.748991 
1873 	0.202577 	8.977 	10.419067 
1874 	0.208123 	9.107 	10.722893 
1875 	0.205467 	9.005 	11.11072 
1876 	0.204728 	8.952 	10.868798 
1877 	0.205654 	9.102 	10.680054 
1878 	0.216823 	8.909 	10.332636 
1879 	0.208398 	9.058 	11.03829 
1880 	0.218205 	9.139 	11.426712 
1881 	0.222259 	9.136 	11.186996 
1882 	0.228813 	8.648 	9.80893 
1883 	0.214608 	8.839 	10.513505 
1884 	0.200477 	9.135 	10.979826 
1885 	0.20202 	8.903 	10.147526 
1886 	0.202334 	8.671 	9.892626 
1887 	0.240767 	8.845 	10.616373 
1888 	0.222663 	9.110 	11.053395 
1889 	0.220437 	9.084 	11.026727 
1890 	0.204235 	9.161 	11.040636 
1891 	0.239847 	8.988 	10.625219 
1892 	0.215947 	9.115 	10.975298 
1893 	0.211174 	9.139 	11.041826 
1894 	0.235047 	8.844 	9.740186 
1895 	0.234572 	9.106 	11.24017 
1896 	0.203404 	9.010 	11.080255 
1897 	0.234814 	8.911 	10.676819 
1898 	0.219495 	9.228 	10.748933 
1899 	0.200176 	8.985 	10.95833 
1900 	0.207773 	9.188 	10.289553 
1901 	0.205796 	9.056 	10.944253 
1902 	0.205784 	9.052 	10.944215 
1903 	0.236621 	8.930 	10.920124 
1904 	0.22187 	8.969 	10.21957 
1905 	0.220214 	9.129 	11.095222 
1906 	0.220419 	9.195 	10.920129 
1907 	0.219574 	9.072 	10.810435 
1908 	0.223252 	9.086 	11.020667 
1909 	0.217223 	8.605 	9.679563 
1910 	0.21862 	9.150 	11.204335 
1911 	0.22853 	9.049 	10.942146 
1912 	0.202196 	9.108 	11.092087 
1913 	0.216953 	8.947 	10.089619 
1914 	0.221053 	9.077 	11.015855 
1915 	0.234244 	9.010 	11.139771 
1916 	0.210005 	9.148 	10.858057 
1917 	0.20768 	9.014 	10.781945 
1918 	0.211253 	8.823 	10.24193 
1919 	0.210137 	9.050 	11.130599 
1920 	0.237847 	9.057 	11.206288 
1921 	0.203909 	9.037 	10.997523 
1922 	0.216467 	8.806 	10.174085 
1923 	0.230902 	8.953 	10.97016 
1924 	0.20458 	8.910 	10.061094 
1925 	0.227106 	9.090 	11.031754 
1926 	0.21723 	8.941 	10.09446 
1927 	0.210176 	8.979 	10.265757 
1928 	0.242748 	8.953 	10.866401 
1929 	0.241752 	9.053 	10.891854 
1930 	0.205082 	9.075 	10.987166 
1931 	0.249734 	8.616 	12.851027 
1932 	0.221574 	9.134 	10.943639 
1933 	0.221194 	8.735 	10.309078 
1934 	0.220802 	9.017 	11.284054 
1935 	0.20829 	8.659 	9.773362 
1936 	0.242598 	8.657 	9.887649 
1937 	0.213116 	9.056 	10.723798 
1938 	0.206016 	8.976 	10.419389 
1939 	0.205934 	9.104 	10.934253 
1940 	0.208349 	9.018 	10.60269 
1941 	0.205224 	9.109 	10.758549 
1942 	0.239685 	8.585 	10.458464 
1943 	0.217046 	8.665 	9.763942 
1944 	0.24924 	9.100 	10.670178 
1945 	0.216539 	9.085 	11.367081 
1946 	0.239818 	8.995 	10.97421 
1947 	0.227368 	9.141 	11.08944 
1948 	0.201226 	9.093 	10.359861 
1949 	0.224457 	8.764 	10.054419 
1950 	0.240399 	9.035 	10.602366 
1951 	0.200708 	8.872 	10.161732 
1952 	0.219747 	8.803 	9.659804 
1953 	0.233697 	9.011 	10.296007 
1954 	0.249035 	9.097 	11.423585 
1955 	0.23705 	9.062 	11.428481 
1956 	0.214573 	9.171 	11.124097 
1957 	0.214978 	9.131 	11.142433 
1958 	0.211984 	9.130 	10.854498 
1959 	0.20711 	8.829 	10.253784 
1960 	0.204253 	9.146 	10.856753 
1961 	0.2428 	8.659 	9.769969 
1962 	0.200882 	8.979 	10.689733 
1963 	0.211939 	9.020 	10.719347 
1964 	0.211871 	8.996 	10.702304 
1965 	0.226418 	9.124 	10.946205 
1966 	0.203968 	9.041 	11.336653 
1967 	0.211277 	9.143 	11.030184 
1968 	0.222472 	8.683 	10.312025 
1969 	0.22134 	8.776 	9.822106 
1970 	0.225375 	8.469 	9.638515 
1971 	0.225338 	8.597 	9.638478 
1972 	0.227351 	8.878 	11.120564 
1973 	0.211277 	9.041 	10.523451 
1974 	0.218166 	8.830 	10.326705 
1975 	0.207341 	9.100 	10.777366 
1976 	0.230497 	9.057 	10.659338 
1977 	0.210898 	8.909 	10.295409 
1978 	0.217884 	9.052 	10.871385 
1979 	0.214778 	8.995 	10.502589 
1980 	0.203265 	9.028 	10.773186 
1981 	0.226581 	9.049 	11.082568 
1982 	0.225123 	9.078 	10.790517 
1983 	0.207906 	9.221 	11.348229 
1984 	0.248076 	9.144 	10.682933 
1985 	0.213589 	8.945 	10.159019 
1986 	0.217188 	9.108 	10.440159 
1987 	0.202987 	9.134 	10.923405 
1988 	0.21276 	9.088 	10.70666 
1989 	0.239389 	8.845 	10.224786 
1990 	0.223281 	8.903 	9.915535 
1991 	0.225029 	8.918 	9.877214 
1992 	0.218523 	8.984 	10.195083 
1993 	0.238082 	8.705 	9.853725 
1994 	0.248514 	8.998 	11.469449 
1995 	0.217544 	9.094 	10.924826 
1996 	0.233609 	9.002 	10.359246 
1997 	0.236812 	8.797 	10.28061 
1998 	0.238592 	9.046 	10.424085 
1999 	0.21266 	8.967 	11.25927 
2000 	0.207682 	9.082 	11.119087 
2001 	0.205755 	9.091 	10.915671 
2002 	0.239977 	8.724 	10.193298 
2003 	0.231355 	8.830 	9.971631 
2004 	0.22136 	9.155 	10.787564 
2005 	0.207598 	9.045 	10.709484 
2006 	0.238258 	9.136 	11.230624 
2007 	0.209313 	9.056 	10.729373 
2008 	0.212602 	9.059 	11.219481 
2009 	0.211699 	9.126 	11.038069 
2010 	0.215935 	8.939 	10.199661 
2011 	0.202687 	9.081 	10.742247 
2012 	0.203302 	9.062 	10.947061 
2013 	0.225373 	9.084 	11.291314 
2014 	0.213266 	9.125 	11.097939 
2015 	0.216775 	9.134 	11.201443 
2016 	0.237254 	8.596 	9.897722 
2017 	0.220137 	9.130 	10.710841 
2018 	0.204794 	8.961 	10.209187 
2019 	0.205466 	8.650 	9.795636 
2020 	0.220774 	9.098 	10.501727 
2021 	0.206708 	9.027 	10.857384 
2022 	0.203995 	9.090 	10.898451 
2023 	0.230984 	8.942 	10.106862 
2024 	0.206291 	8.976 	9.921416 
2025 	0.200491 	8.966 	10.442078 
2026 	0.206422 	8.977 	10.07084 
2027 	0.210609 	9.063 	10.820715 
2028 	0.20615 	8.642 	10.027904 
2029 	0.230269 	9.068 	10.520384 
2030 	0.229009 	8.818 	9.874215 
2031 	0.244029 	9.139 	11.275518 
2032 	0.223906 	8.946 	10.074543 
2033 	0.208171 	9.094 	11.0086 
2034 	0.220617 	8.646 	9.797715 
2035 	0.242777 	9.050 	10.730176 
2036 	0.210627 	8.978 	10.415371 
2037 	0.201555 	8.919 	10.04316 
2038 	0.205173 	9.080 	10.515671 
2039 	0.206851 	9.161 	11.072228 
2040 	0.221622 	8.157 	9.31854 
2041 	0.211734 	9.149 	10.936347 
2042 	0.217604 	8.955 	11.021305 
2043 	0.223028 	8.710 	10.24683 
2044 	0.217681 	8.612 	9.642628 
2045 	0.224149 	9.157 	10.963653 
2046 	0.22246 	8.774 	10.445104 
2047 	0.20665 	9.049 	10.34457 
2048 	0.224539 	8.877 	10.045025 
2049 	0.238936 	9.085 	10.833394 
2050 	0.224496 	8.610 	9.802861 
2051 	0.210054 	9.055 	10.927862 
2052 	0.233683 	9.143 	11.084174 
2053 	0.201293 	8.960 	10.776869 
2054 	0.237782 	8.866 	10.00642 
2055 	0.200817 	8.688 	9.76021 
2056 	0.237793 	8.853 	10.006461 
2057 	0.228339 	8.870 	10.470613 
2058 	0.22507 	9.090 	11.394435 
2059 	0.207842 	9.053 	10.91158 
2060 	0.203986 	9.050 	10.858452 
2061 	0.213992 	8.999 	10.968591 
2062 	0.207852 	9.050 	10.91158 
2063 	0.219731 	9.050 	10.680498 
2064 	0.201544 	9.051 	10.742578 
2065 	0.203654 	9.101 	10.967118 
2066 	0.206962 	9.134 	11.079896 
2067 	0.218266 	8.975 	10.643019 
2068 	0.215429 	9.099 	11.366259 
2069 	0.229844 	8.969 	10.507607 
2070 	0.238973 	9.166 	11.544634 
2071 	0.205281 	9.089 	11.201889 
2072 	0.200842 	9.109 	10.758633 
2073 	0.201488 	9.041 	10.34648 
2074 	0.220153 	9.162 	11.133961 
2075 	0.214148 	8.870 	9.973836 
2076 	0.221815 	9.184 	11.026734 
2077 	0.201851 	9.076 	10.782507 
2078 	0.210568 	8.883 	10.41769 
2079 	0.237876 	8.785 	9.854623 
2080 	0.229619 	8.966 	10.413915 
2081 	0.236169 	8.762 	9.723833 
2082 	0.214656 	9.125 	11.13638 
2083 	0.208086 	9.109 	10.994422 
2084 	0.209775 	9.145 	10.929411 
2085 	0.246205 	8.949 	10.497097 
2086 	0.237634 	9.142 	10.999022 
2087 	0.237132 	8.932 	9.951929 
2088 	0.220404 	8.606 	9.87904 
2089 	0.208547 	9.057 	10.951897 
2090 	0.221861 	9.002 	10.855829 
2091 	0.221551 	9.093 	10.915088 
2092 	0.209532 	9.046 	11.119695 
2093 	0.209221 	9.007 	9.973405 
2094 	0.202706 	8.927 	9.743237 
2095 	0.20043 	9.059 	10.679169 
2096 	0.200381 	9.011 	10.79203 
2097 	0.231028 	9.071 	10.880056 
2098 	0.204474 	8.966 	10.10792 
2099 	0.210666 	9.088 	11.052876 
2100 	0.211271 	9.018 	10.109817 
2101 	0.206498 	8.970 	10.538341 
2102 	0.22764 	8.972 	10.034725 
2103 	0.249618 	8.952 	10.180246 
2104 	0.217334 	8.932 	11.039966 
2105 	0.238927 	9.049 	11.202584 
2106 	0.231795 	9.063 	10.905432 
2107 	0.22083 	8.951 	10.250774 
2108 	0.223259 	9.151 	11.216902 
2109 	0.2214 	9.125 	11.061951 
2110 	0.213872 	9.117 	11.069057 
2111 	0.21695 	9.108 	11.012946 
2112 	0.21574 	9.272 	10.680497 
2113 	0.24152 	9.195 	11.076758 
2114 	0.223382 	8.962 	10.795178 
2115 	0.215042 	9.052 	11.02311 
2116 	0.217087 	9.052 	11.945046 
2117 	0.213985 	9.097 	10.657406 
2118 	0.205847 	9.016 	10.883448 
2119 	0.22177 	9.057 	11.131261 
2120 	0.207695 	9.056 	10.663071 
2121 	0.243294 	9.148 	11.215611 
2122 	0.227247 	8.812 	9.851621 
2123 	0.203478 	9.082 	11.026484 
2124 	0.215893 	8.955 	10.090718 
2125 	0.203235 	8.611 	9.967125 
2126 	0.244164 	9.076 	10.761947 
2127 	0.201565 	9.093 	10.676844 
2128 	0.214082 	8.915 	10.08858 
2129 	0.207939 	9.128 	11.060375 
2130 	0.21276 	9.007 	10.431737 
2131 	0.22994 	8.713 	10.317984 
2132 	0.215367 	8.722 	10.229564 
2133 	0.220036 	9.108 	11.374166 
2134 	0.206501 	9.112 	10.960779 
2135 	0.21295 	9.056 	10.852455 
2136 	0.232723 	8.610 	9.822865 
2137 	0.230328 	9.011 	10.02304 
2138 	0.223945 	9.060 	11.264315 
2139 	0.227584 	9.226 	11.057783 
2140 	0.200887 	9.013 	10.758387 
2141 	0.212558 	9.149 	10.851141 
2142 	0.213724 	9.086 	10.850365 
2143 	0.231433 	8.998 	11.044024 
2144 	0.200397 	8.845 	9.977118 
2145 	0.227056 	9.095 	11.284226 
2146 	0.209819 	8.861 	10.465466 
2147 	0.22921 	9.005 	11.350714 
2148 	0.244517 	9.128 	10.888967 
2149 	0.20529 	8.796 	9.73825 
2150 	0.22263 	9.105 	11.031702 
2151 	0.202459 	8.666 	9.70008 
2152 	0.226674 	9.113 	10.959554 
2153 	0.229624 	9.089 	11.254556 
2154 	0.212492 	9.007 	10.510051 
2155 	0.21366 	9.243 	11.280051 
2156 	0.221349 	8.991 	10.355732 
2157 	0.234156 	8.983 	11.01839 
2158 	0.207349 	9.120 	11.091898 
2159 	0.232481 	8.972 	11.285249 
2160 	0.235193 	9.063 	11.075341 
2161 	0.207438 	9.090 	10.846182 
2162 	0.209579 	8.996 	9.901466 
2163 	0.236766 	8.767 	10.11703 
2164 	0.208934 	8.988 	11.255882 
2165 	0.241066 	8.912 	10.259915 
2166 	0.221715 	8.830 	10.452749 
2167 	0.207743 	9.189 	11.23102 
2168 	0.2251 	9.093 	10.976793 
2169 	0.205438 	8.817 	10.12302 
2170 	0.216895 	9.096 	10.813012 
2171 	0.235712 	9.085 	10.804723 
2172 	0.229471 	8.898 	11.008413 
2173 	0.214319 	9.129 	11.24188 
2174 	0.211125 	9.123 	10.86538 
2175 	0.23168 	9.111 	11.027189 
2176 	0.21384 	9.134 	11.109853 
2177 	0.20404 	8.951 	10.574907 
2178 	0.210863 	8.929 	10.41265 
2179 	0.214064 	9.097 	10.854129 
2180 	0.221975 	9.089 	10.74648 
2181 	0.221395 	8.930 	10.127576 
2182 	0.232831 	9.003 	10.536733 
2183 	0.215979 	8.865 	10.198055 
2184 	0.220977 	9.053 	11.07157 
2185 	0.208838 	9.052 	11.07562 
2186 	0.228497 	9.112 	10.917599 
2187 	0.239048 	8.809 	10.493299 
2188 	0.240209 	9.111 	11.066472 
2189 	0.220491 	8.769 	9.908188 
2190 	0.203315 	9.150 	11.005298 
2191 	0.2186 	8.995 	11.060222 
2192 	0.225739 	8.950 	10.530887 
2193 	0.232692 	9.107 	10.83001 
2194 	0.21475 	8.813 	10.078261 
2195 	0.210875 	9.133 	10.985395 
2196 	0.207844 	8.851 	10.595995 
2197 	0.209474 	8.994 	10.903941 
2198 	0.219266 	9.121 	10.746727 
2199 	0.246595 	9.000 	10.531079 
2200 	0.200211 	9.081 	10.980437 
2201 	0.239484 	9.019 	10.989666 
2202 	0.213332 	8.949 	10.324996 
2203 	0.245266 	8.856 	10.385599 
2204 	0.210498 	9.058 	11.200415 
2205 	0.222865 	8.734 	11.116988 
2206 	0.229376 	9.112 	11.16602 
2207 	0.205262 	8.971 	10.583576 
2208 	0.204796 	9.173 	11.076733 
2209 	0.207227 	8.929 	10.171054 
2210 	0.228846 	8.834 	10.92922 
2211 	0.215988 	9.069 	10.95228 
2212 	0.200849 	8.963 	10.480288 
2213 	0.207276 	9.115 	11.074709 
2214 	0.209452 	8.976 	10.577147 
2215 	0.20931 	9.064 	10.874867 
2216 	0.230143 	9.125 	11.251054 
2217 	0.201452 	9.158 	11.08985 
2218 	0.203549 	8.954 	11.305037 
2219 	0.202752 	9.083 	11.179592 
2220 	0.216088 	9.090 	11.112 
2221 	0.247956 	9.090 	11.021912 
2222 	0.201853 	8.691 	9.81156 
2223 	0.213382 	9.012 	9.917468 
2224 	0.245635 	8.813 	9.732243 
2225 	0.201876 	8.927 	9.670007 
2226 	0.202268 	9.118 	10.946062 
2227 	0.2264 	9.000 	10.752232 
2228 	0.230036 	8.970 	11.326993 
2229 	0.240744 	9.129 	11.337656 
2230 	0.242113 	9.010 	9.871552 
2231 	0.227177 	8.668 	9.766847 
2232 	0.230559 	9.156 	11.04653 
2233 	0.229704 	8.990 	10.431029 
2234 	0.232356 	9.055 	11.334929 
2235 	0.233018 	8.879 	10.520518 
2236 	0.204218 	9.140 	10.954518 
2237 	0.243802 	8.987 	10.85446 
2238 	0.202649 	9.113 	10.996123 
2239 	0.20003 	9.146 	10.777064 
2240 	0.201126 	9.089 	10.534534 
2241 	0.215174 	8.954 	10.248653 
2242 	0.248 	9.088 	10.876576 
2243 	0.203375 	9.050 	10.904457 
2244 	0.202394 	9.098 	10.522329 
2245 	0.210138 	8.817 	9.932402 
2246 	0.206181 	9.011 	10.58921 
2247 	0.244213 	9.147 	11.146901 
2248 	0.232785 	9.029 	10.999379 
2249 	0.207458 	9.013 	10.314651 
2250 	0.222067 	8.767 	10.117332 
2251 	0.210884 	8.843 	11.286891 
2252 	0.209496 	8.770 	10.043647 
2253 	0.223096 	8.771 	10.32427 
2254 	0.249376 	8.922 	10.464903 
2255 	0.229704 	9.087 	10.884347 
2256 	0.244077 	9.180 	11.423704 
2257 	0.201907 	9.088 	10.765234 
2258 	0.242978 	8.919 	10.402244 
2259 	0.211489 	9.121 	10.80304 
2260 	0.228519 	8.927 	10.374154 
2261 	0.220741 	8.984 	10.512785 
2262 	0.209053 	9.190 	10.49116 
2263 	0.217841 	9.096 	10.910869 
2264 	0.20906 	8.974 	10.1022 
2265 	0.202073 	8.775 	9.714616 
2266 	0.209879 	9.110 	10.949724 
2267 	0.204659 	9.106 	10.970181 
2268 	0.230683 	8.991 	10.627227 
2269 	0.226723 	9.110 	10.872115 
2270 	0.21209 	8.993 	10.733889 
2271 	0.20082 	8.898 	10.026797 
2272 	0.203011 	8.967 	10.449867 
2273 	0.247555 	9.112 	10.024751 
2274 	0.202015 	9.143 	10.881643 
2275 	0.210299 	8.993 	10.140365 
2276 	0.242034 	9.013 	10.926444 
2277 	0.218592 	9.069 	10.694446 
2278 	0.225828 	8.932 	10.62116 
2279 	0.22159 	8.933 	10.469451 
2280 	0.227325 	9.046 	10.649206 
2281 	0.201266 	8.991 	10.44072 
2282 	0.217115 	9.141 	11.184008 
2283 	0.205273 	9.177 	11.248094 
2284 	0.206526 	8.785 	10.138789 
2285 	0.221454 	9.103 	11.115369 
2286 	0.211855 	9.090 	11.191134 
2287 	0.222868 	8.671 	9.938507 
2288 	0.220532 	9.057 	10.649171 
2289 	0.243567 	9.131 	11.290518 
2290 	0.248701 	9.147 	11.267735 
2291 	0.225564 	9.051 	10.857069 
2292 	0.229742 	9.050 	10.578937 
2293 	0.222094 	8.992 	10.603559 
2294 	0.237288 	9.012 	10.769975 
2295 	0.243024 	8.650 	9.45552 
2296 	0.208392 	8.805 	10.03397 
2297 	0.214909 	9.088 	11.072069 
2298 	0.227818 	9.099 	11.015671 
2299 	0.217955 	9.107 	11.023254 
2300 	0.220197 	8.984 	9.95 
2301 	0.203208 	8.673 	9.755095 
2302 	0.221767 	9.113 	10.408578 
2303 	0.22457 	9.019 	11.052225 
2304 	0.219968 	9.059 	10.741836 
2305 	0.201214 	8.898 	10.460758 
2306 	0.208703 	9.089 	10.643487 
2307 	0.203507 	9.121 	11.161677 
2308 	0.241198 	8.974 	10.556873 
2309 	0.20276 	8.687 	10.302896 
2310 	0.208196 	9.048 	11.13678 
2311 	0.232825 	9.044 	11.246222 
2312 	0.230167 	9.105 	11.411175 
2313 	0.214183 	8.929 	10.280997 
2314 	0.209967 	9.046 	10.85085 
2315 	0.219409 	9.010 	10.586336 
2316 	0.218606 	9.088 	11.149752 
2317 	0.24421 	8.978 	10.74023 
2318 	0.209331 	9.072 	10.817686 
2319 	0.22692 	9.156 	11.179347 
2320 	0.220962 	9.118 	10.941031 
2321 	0.211592 	9.162 	10.925681 
2322 	0.229308 	9.111 	11.259914 
2323 	0.230328 	8.920 	10.362987 
2324 	0.235492 	9.102 	10.830244 
2325 	0.235505 	9.083 	10.830268 
2326 	0.244677 	8.801 	9.799157 
2327 	0.216859 	9.048 	10.757237 
2328 	0.209841 	8.870 	10.253039 
2329 	0.224542 	9.182 	10.948909 
2330 	0.203825 	9.147 	11.013827 
2331 	0.239474 	8.916 	10.398806 
2332 	0.205186 	9.008 	10.360943 
2333 	0.220868 	9.080 	10.911235 
2334 	0.224835 	9.151 	11.122561 
2335 	0.214424 	9.133 	10.844505 
2336 	0.221028 	9.102 	11.442715 
2337 	0.200267 	9.063 	10.590881 
2338 	0.200925 	9.010 	10.115719 
2339 	0.234251 	8.794 	10.515432 
2340 	0.248391 	9.052 	11.265954 
2341 	0.21214 	9.096 	11.032528 
2342 	0.224397 	9.188 	10.630321 
2343 	0.231404 	9.117 	11.096578 
2344 	0.20108 	9.160 	11.034584 
2345 	0.214006 	9.085 	10.882708 
2346 	0.203316 	9.087 	11.106846 
2347 	0.209259 	8.902 	10.111139 
2348 	0.228762 	8.614 	9.610752 
2349 	0.224717 	8.809 	10.222837 
2350 	0.24031 	8.992 	10.399754 
2351 	0.215593 	8.664 	9.726767 
2352 	0.22672 	9.098 	11.116928 
2353 	0.201693 	8.761 	9.842779 
2354 	0.233996 	8.826 	10.602426 
2355 	0.231618 	9.000 	10.44371 
2356 	0.230798 	8.668 	9.681539 
2357 	0.203491 	9.134 	10.879238 
2358 	0.205078 	8.589 	9.829233 
2359 	0.229558 	8.665 	9.689927 
2360 	0.209023 	8.901 	10.139248 
2361 	0.200903 	9.013 	11.212164 
2362 	0.203928 	9.030 	10.64563 
2363 	0.244281 	9.083 	10.706592 
2364 	0.228899 	9.117 	10.964036 
2365 	0.200245 	9.086 	10.965507 
2366 	0.234437 	9.046 	10.919127 
2367 	0.237407 	9.053 	10.872721 
2368 	0.204809 	9.131 	10.960325 
2369 	0.221891 	8.948 	11.00074 
2370 	0.227009 	8.884 	10.309965 
2371 	0.238735 	8.813 	10.168401 
2372 	0.219044 	9.075 	10.734635 
2373 	0.223214 	8.833 	10.152336 
2374 	0.22198 	9.103 	10.947673 
2375 	0.227205 	9.144 	11.281535 
2376 	0.221846 	9.133 	11.034693 
2377 	0.213814 	9.094 	11.045922 
2378 	0.202774 	9.115 	10.802739 
2379 	0.216432 	9.109 	10.735343 
2380 	0.201907 	9.041 	11.037518 
2381 	0.214877 	9.113 	11.133343 
2382 	0.238245 	9.019 	11.163492 
2383 	0.203313 	9.163 	10.927453 
2384 	0.216935 	9.095 	10.941483 
2385 	0.247725 	9.013 	10.501556 
2386 	0.218429 	9.087 	11.029647 
2387 	0.233268 	9.100 	11.360014 
2388 	0.217742 	9.117 	11.392496 
2389 	0.204154 	9.127 	10.957182 
2390 	0.215174 	9.159 	11.298236 
2391 	0.235494 	8.997 	10.439837 
2392 	0.202736 	8.910 	9.673499 
2393 	0.211768 	8.992 	11.168169 
2394 	0.204419 	8.935 	10.131577 
2395 	0.217721 	8.867 	10.259919 
2396 	0.248916 	9.193 	11.509119 
2397 	0.206845 	8.832 	9.93763 
2398 	0.222566 	9.269 	10.393701 
2399 	0.213801 	9.087 	10.826868 
2400 	0.247261 	8.893 	10.19558 
2401 	0.21052 	9.086 	11.055065 
2402 	0.204865 	8.795 	10.014242 
2403 	0.228911 	8.933 	10.290694 
2404 	0.230765 	9.013 	10.263593 
2405 	0.208452 	9.040 	11.05595 
2406 	0.212138 	8.838 	10.02517 
2407 	0.23641 	8.653 	9.503926 
2408 	0.228177 	8.720 	10.262004 
2409 	0.208584 	9.098 	11.043858 
2410 	0.220569 	8.715 	10.150867 
2411 	0.202342 	8.850 	9.753512 
2412 	0.233272 	9.111 	11.280773 
2413 	0.232187 	8.965 	10.921032 
2414 	0.234165 	8.864 	9.759587 
2415 	0.213006 	8.855 	10.22271 
2416 	0.20985 	9.130 	10.726067 
2417 	0.225623 	9.043 	11.005044 
2418 	0.233244 	8.616 	9.760609 
2419 	0.201779 	8.954 	10.011585 
2420 	0.238883 	9.074 	10.870605 
2421 	0.235469 	8.927 	10.22276 
2422 	0.203479 	9.126 	10.820627 
2423 	0.227072 	9.086 	11.333675 
2424 	0.200145 	9.092 	10.932705 
2425 	0.213488 	9.001 	11.269677 
2426 	0.201663 	9.119 	10.95732 
2427 	0.242479 	8.788 	9.954364 
2428 	0.241179 	9.124 	11.203904 
2429 	0.214597 	9.118 	10.970015 
2430 	0.209228 	8.580 	9.499262 
2431 	0.202375 	8.707 	10.003831 
2432 	0.207742 	9.129 	10.88028 
2433 	0.23339 	9.102 	11.048477 
2434 	0.245597 	8.873 	11.200191 
2435 	0.218796 	8.946 	10.534455 
2436 	0.211343 	9.098 	10.851072 
2437 	0.210515 	9.234 	11.298851 
2438 	0.241115 	9.010 	10.921905 
2439 	0.209972 	9.090 	10.501398 
2440 	0.234354 	9.053 	10.924994 
2441 	0.222585 	8.929 	10.134185 
2442 	0.242513 	9.090 	11.129652 
2443 	0.213836 	9.091 	11.034773 
2444 	0.208105 	9.052 	10.995845 
2445 	0.222821 	9.085 	11.361329 
2446 	0.23676 	8.984 	10.812227 
2447 	0.236414 	9.086 	10.717697 
2448 	0.234399 	8.791 	9.907323 
2449 	0.204216 	8.878 	10.092763 
2450 	0.200478 	8.885 	10.237511 
2451 	0.233413 	8.929 	10.65318 
2452 	0.240685 	9.017 	11.1373 
2453 	0.210484 	9.070 	10.706123 
2454 	0.219792 	9.071 	11.019195 
2455 	0.210807 	9.105 	10.587173 
2456 	0.235132 	9.163 	11.391451 
2457 	0.222096 	8.950 	10.240237 
2458 	0.212293 	8.868 	9.421982 
2459 	0.211353 	9.075 	11.06687 
2460 	0.208617 	9.089 	10.707739 
2461 	0.233148 	8.264 	9.193393 
2462 	0.233178 	8.935 	11.254846 
2463 	0.213197 	9.194 	11.114068 
2464 	0.208263 	9.143 	10.888843 
2465 	0.228246 	8.765 	10.272707 
2466 	0.238033 	8.943 	10.595389 
2467 	0.206689 	9.130 	10.940025 
2468 	0.211205 	8.968 	10.550746 
2469 	0.202658 	9.101 	10.939413 
2470 	0.200992 	9.053 	11.093392 
2471 	0.246869 	9.315 	10.599319 
2472 	0.215184 	8.992 	11.207235 
2473 	0.212145 	9.051 	10.641729 
2474 	0.234753 	8.739 	10.825996 
2475 	0.205031 	9.111 	10.758673 
2476 	0.212123 	8.898 	10.256233 
2477 	0.201446 	8.973 	10.436625 
2478 	0.214575 	9.009 	11.182911 
2479 	0.230229 	9.097 	10.600725 
2480 	0.215437 	9.075 	10.657842 
2481 	0.202842 	8.744 	9.956088 
2482 	0.206399 	8.849 	10.005087 
2483 	0.239329 	9.082 	11.047009 
2484 	0.205547 	9.057 	10.861069 
2485 	0.209587 	8.930 	10.136565 
2486 	0.224439 	9.047 	10.505283 
2487 	0.213611 	9.140 	10.742807 
2488 	0.222972 	9.124 	11.287693 
2489 	0.20118 	8.872 	10.1788 
2490 	0.215196 	8.781 	9.978442 
2491 	0.205456 	9.006 	10.578036 
2492 	0.202889 	9.126 	10.97095 
2493 	0.222651 	9.123 	11.013198 
2494 	0.219277 	8.718 	9.259219 
2495 	0.236279 	9.005 	10.874885 
2496 	0.218432 	8.841 	10.258669 
2497 	0.204227 	8.765 	9.455894 
2498 	0.217696 	8.950 	10.628832 
2499 	0.212307 	9.108 	10.818087 
2500 	0.216258 	9.059 	11.083492 
2501 	0.21095 	9.047 	10.673672 
2502 	0.221104 	9.088 	11.134956 
2503 	0.234031 	9.092 	11.093983 
2504 	0.228666 	9.111 	10.929195 
2505 	0.202457 	9.116 	10.899258 
2506 	0.235943 	8.878 	10.165771 
2507 	0.233996 	9.115 	10.898061 
2508 	0.206105 	8.990 	10.780576 
2509 	0.227409 	8.702 	9.730234 
2510 	0.222005 	8.950 	10.536412 
2511 	0.226739 	8.966 	10.427518 
2512 	0.208137 	9.070 	10.954557 
2513 	0.227853 	9.131 	11.195858 
2514 	0.225802 	9.084 	11.214256 
2515 	0.21104 	9.121 	11.069702 
2516 	0.212019 	9.110 	10.739391 
2517 	0.210409 	9.080 	10.727719 
2518 	0.232465 	8.812 	9.718045 
2519 	0.242565 	9.019 	11.240834 
2520 	0.204556 	9.080 	11.229989 
2521 	0.208209 	9.066 	10.754117 
2522 	0.226782 	9.020 	10.812218 
2523 	0.200775 	9.049 	11.171499 
2524 	0.215028 	8.911 	9.784395 
2525 	0.232856 	8.892 	10.147192 
2526 	0.200093 	9.043 	11.07972 
2527 	0.231426 	9.115 	10.858113 
2528 	0.200994 	9.058 	10.904504 
2529 	0.201575 	8.994 	11.462543 
2530 	0.231464 	9.059 	10.858139 
2531 	0.204752 	8.998 	11.047056 
2532 	0.207824 	8.810 	10.136186 
2533 	0.210133 	9.164 	11.14535 
2534 	0.205263 	8.964 	10.36314 
2535 	0.205762 	8.914 	10.233548 
2536 	0.226298 	8.954 	10.235521 
2537 	0.225868 	8.687 	9.935721 
2538 	0.23272 	9.012 	11.169521 
2539 	0.215915 	8.891 	10.24034 
2540 	0.216726 	9.093 	11.240653 
2541 	0.206334 	9.120 	11.03669 
2542 	0.217776 	9.141 	11.173173 
2543 	0.239591 	8.950 	11.204559 
2544 	0.212507 	9.017 	10.500757 
2545 	0.240352 	9.057 	11.029599 
2546 	0.207999 	9.053 	10.903921 
2547 	0.215538 	8.810 	9.900039 
2548 	0.215876 	9.057 	10.985786 
2549 	0.237981 	8.848 	10.248599 
2550 	0.236503 	8.176 	9.172669 
2551 	0.20266 	9.109 	10.83046 
2552 	0.223988 	8.991 	10.592392 
2553 	0.245364 	9.093 	11.207365 
2554 	0.225336 	8.901 	9.898278 
2555 	0.219051 	9.112 	10.719429 
2556 	0.203995 	9.002 	10.889932 
2557 	0.2366 	8.825 	10.107612 
2558 	0.20189 	9.093 	10.891407 
2559 	0.223188 	8.828 	10.064887 
2560 	0.207864 	9.070 	10.767952 
2561 	0.204789 	8.724 	9.892258 
2562 	0.237857 	9.104 	10.821996 
2563 	0.20493 	9.129 	10.765253 
2564 	0.200536 	9.090 	10.939548 
2565 	0.200559 	9.091 	10.899197 
2566 	0.214704 	8.983 	11.013036 
2567 	0.235262 	9.111 	10.856753 
2568 	0.222481 	8.934 	10.741984 
2569 	0.21019 	9.051 	10.925742 
2570 	0.200406 	9.163 	11.014243 
2571 	0.244458 	8.909 	10.602194 
2572 	0.205384 	9.123 	11.076178 
2573 	0.243362 	9.125 	11.171103 
2574 	0.23167 	8.827 	9.857286 
2575 	0.212503 	9.082 	11.028472 
2576 	0.20154 	9.100 	10.982342 
2577 	0.215076 	9.151 	10.848699 
2578 	0.227908 	8.844 	10.067025 
2579 	0.245388 	9.229 	11.520385 
2580 	0.247712 	9.011 	10.424099 
2581 	0.223006 	8.770 	10.131159 
2582 	0.218713 	8.987 	10.60363 
2583 	0.23049 	9.159 	11.124805 
2584 	0.202037 	8.847 	10.164036 
2585 	0.228269 	9.108 	10.922251 
2586 	0.218694 	9.064 	10.603564 
2587 	0.238652 	8.816 	10.449061 
2588 	0.224266 	9.040 	11.076078 
2589 	0.209203 	8.850 	10.037841 
2590 	0.237614 	9.187 	10.955567 
2591 	0.225267 	8.851 	10.217145 
2592 	0.211011 	9.108 	10.706018 
2593 	0.246345 	9.086 	10.919382 
2594 	0.210798 	9.130 	10.935685 
2595 	0.227136 	9.103 	10.638238 
2596 	0.210099 	9.143 	10.835111 
2597 	0.202488 	8.858 	10.443529 
2598 	0.21007 	9.148 	10.834898 
2599 	0.222787 	8.941 	10.121659 
2600 	0.249836 	8.705 	9.906801 
2601 	0.227709 	9.097 	10.964763 
2602 	0.202788 	9.006 	9.842872 
2603 	0.212686 	9.049 	10.362043 
2604 	0.219237 	8.828 	10.039099 
2605 	0.219657 	9.006 	10.69431 
2606 	0.224708 	9.120 	11.03371 
2607 	0.221737 	9.046 	11.250819 
2608 	0.225001 	9.172 	11.151459 
2609 	0.210076 	8.970 	10.476896 
2610 	0.218244 	8.872 	10.077929 
2611 	0.204624 	9.114 	10.865675 
2612 	0.220226 	8.711 	10.029506 
2613 	0.217062 	9.107 	10.823362 
2614 	0.224367 	9.072 	10.939263 
2615 	0.246141 	8.956 	10.127759 
2616 	0.209622 	9.132 	10.499108 
2617 	0.206549 	9.070 	10.669416 
2618 	0.20826 	9.057 	11.264365 
2619 	0.207869 	8.862 	10.107723 
2620 	0.207447 	8.910 	10.040953 
2621 	0.218824 	9.110 	11.042746 
2622 	0.207524 	9.127 	11.403752 
2623 	0.227045 	9.043 	11.064314 
2624 	0.235149 	8.810 	10.0183 
2625 	0.208698 	8.965 	10.971874 
2626 	0.207894 	8.811 	9.936154 
2627 	0.207944 	9.044 	11.077544 
2628 	0.209868 	9.122 	11.187367 
2629 	0.205392 	8.792 	10.065537 
2630 	0.206202 	9.107 	10.834664 
2631 	0.219994 	9.049 	11.099469 
2632 	0.214012 	9.092 	11.059682 
2633 	0.202885 	8.933 	10.101348 
2634 	0.240104 	9.094 	11.193801 
2635 	0.248336 	9.198 	11.42452 
2636 	0.240881 	8.686 	11.293745 
2637 	0.200771 	9.048 	10.995319 
2638 	0.20376 	8.874 	9.585629 
2639 	0.239679 	8.572 	9.582097 
2640 	0.202666 	8.989 	10.179691 
2641 	0.206042 	8.861 	10.057874 
2642 	0.203803 	9.172 	11.070085 
2643 	0.200413 	8.994 	10.859356 
2644 	0.201127 	9.089 	11.323688 
2645 	0.207656 	9.102 	11.112706 
2646 	0.210955 	9.133 	10.946946 
2647 	0.249233 	9.056 	10.964253 
2648 	0.225801 	8.914 	10.205484 
2649 	0.226863 	9.053 	11.122195 
2650 	0.211867 	9.109 	11.189543 
2651 	0.225535 	9.055 	11.400545 
2652 	0.243019 	9.097 	11.003162 
2653 	0.226933 	8.799 	9.27523 
2654 	0.220684 	9.086 	11.387589 
2655 	0.221579 	9.092 	11.066796 
2656 	0.21853 	8.974 	11.251688 
2657 	0.218095 	9.093 	10.937135 
2658 	0.233539 	8.979 	11.061185 
2659 	0.200086 	8.962 	10.829125 
2660 	0.219435 	9.049 	11.069252 
2661 	0.21659 	8.703 	10.132917 
2662 	0.21763 	9.053 	11.038787 
2663 	0.21295 	8.739 	10.020113 
2664 	0.217483 	9.010 	10.176436 
2665 	0.214578 	8.595 	9.482776 
2666 	0.206956 	9.004 	10.812856 
2667 	0.206722 	8.822 	9.75854 
2668 	0.212309 	9.083 	11.167409 
2669 	0.21266 	9.160 	11.399261 
2670 	0.224865 	8.837 	10.17233 
2671 	0.222192 	9.068 	11.099757 
2672 	0.211317 	8.904 	10.20454 
2673 	0.212857 	8.815 	9.907286 
2674 	0.201163 	9.066 	10.856555 
2675 	0.235705 	8.595 	9.69244 
2676 	0.22197 	8.914 	10.195738 
2677 	0.218196 	9.012 	10.30081 
2678 	0.223575 	9.119 	10.908747 
2679 	0.224824 	9.094 	10.764796 
2680 	0.215122 	9.176 	11.236636 
2681 	0.217323 	9.091 	10.97919 
2682 	0.212654 	9.051 	11.08781 
2683 	0.212948 	8.910 	10.316439 
2684 	0.2156 	9.051 	10.932008 
2685 	0.212499 	9.065 	10.765137 
2686 	0.214143 	9.126 	11.1835 
2687 	0.202685 	9.123 	10.978101 
2688 	0.200314 	9.124 	10.764533 
2689 	0.230734 	8.871 	11.140806 
2690 	0.233051 	9.273 	11.054244 
2691 	0.204835 	8.975 	11.215331 
2692 	0.206574 	9.363 	10.964709 
2693 	0.232404 	8.717 	9.713387 
2694 	0.222107 	9.089 	10.902993 
2695 	0.23287 	9.052 	10.5564 
2696 	0.221118 	9.050 	10.502226 
2697 	0.245218 	9.119 	10.903536 
2698 	0.201749 	9.010 	10.520607 
2699 	0.209181 	9.105 	10.511403 
2700 	0.242782 	9.011 	11.309655 
2701 	0.214827 	8.955 	10.774734 
2702 	0.210567 	9.125 	11.020145 
2703 	0.215185 	8.722 	10.218841 
2704 	0.221825 	9.176 	11.158653 
2705 	0.21922 	8.923 	10.29063 
2706 	0.229622 	9.092 	10.888025 
2707 	0.204051 	8.993 	10.455201 
2708 	0.242201 	9.001 	10.968173 
2709 	0.237769 	8.987 	11.026077 
2710 	0.249809 	8.959 	10.440831 
2711 	0.222198 	9.009 	10.694189 
2712 	0.243502 	8.751 	9.82102 
2713 	0.204968 	9.109 	10.752818 
2714 	0.222202 	9.004 	10.708352 
2715 	0.243504 	8.763 	9.826568 
2716 	0.212686 	9.106 	11.234319 
2717 	0.229099 	8.832 	11.603902 
2718 	0.220531 	9.050 	10.928261 
2719 	0.231831 	9.086 	11.154395 
2720 	0.204811 	9.091 	11.172929 
2721 	0.210107 	8.869 	10.067249 
2722 	0.230153 	9.104 	11.128041 
2723 	0.208059 	9.076 	11.228127 
2724 	0.225037 	9.158 	11.067466 
2725 	0.221748 	9.048 	10.423374 
2726 	0.209676 	9.043 	11.347621 
2727 	0.200292 	9.117 	10.649156 
2728 	0.236585 	8.902 	10.386084 
2729 	0.210159 	9.034 	10.749002 
2730 	0.20203 	9.107 	11.152478 
2731 	0.202392 	9.085 	11.36434 
2732 	0.21196 	9.137 	11.300579 
2733 	0.213878 	9.196 	11.100461 
2734 	0.214067 	9.104 	10.945724 
2735 	0.247286 	8.806 	9.971346 
2736 	0.227934 	8.826 	9.945383 
2737 	0.218097 	9.115 	11.375079 
2738 	0.230522 	8.945 	10.812256 
2739 	0.210326 	9.108 	10.615277 
2740 	0.202541 	9.085 	11.094076 
2741 	0.243587 	8.801 	10.275797 
2742 	0.236187 	8.852 	10.503553 
2743 	0.213154 	9.109 	10.870845 
2744 	0.200277 	8.866 	9.471187 
2745 	0.203284 	9.101 	11.024366 
2746 	0.201491 	8.967 	11.223144 
2747 	0.226755 	8.656 	9.938156 
2748 	0.209045 	8.896 	10.195102 
2749 	0.21955 	9.128 	10.769545 
2750 	0.244546 	8.811 	10.022878 
2751 	0.222979 	9.051 	10.464397 
2752 	0.21535 	8.903 	10.459763 
2753 	0.242461 	8.878 	10.140372 
2754 	0.218779 	8.856 	9.964257 
2755 	0.214771 	8.645 	9.872406 
2756 	0.210511 	8.961 	10.478182 
2757 	0.216179 	9.129 	10.830718 
2758 	0.202992 	9.128 	11.082694 
2759 	0.219111 	9.090 	11.099341 
2760 	0.20424 	8.969 	10.143827 
2761 	0.213226 	9.104 	10.755761 
2762 	0.234666 	8.929 	10.374014 
2763 	0.210576 	9.096 	10.870741 
2764 	0.242333 	8.811 	9.157136 
2765 	0.213202 	8.661 	9.788964 
2766 	0.229968 	8.765 	10.083799 
2767 	0.204306 	8.954 	10.138207 
2768 	0.212333 	9.112 	11.311908 
2769 	0.204622 	8.712 	9.862494 
2770 	0.234142 	9.009 	10.529778 
2771 	0.204414 	9.075 	10.872615 
2772 	0.221901 	8.780 	9.873291 
2773 	0.231389 	9.091 	11.03209 
2774 	0.233143 	8.978 	10.685995 
2775 	0.213298 	9.122 	11.311982 
2776 	0.213105 	9.015 	11.180182 
2777 	0.217439 	9.011 	9.871289 
2778 	0.206824 	9.037 	10.749252 
2779 	0.208223 	8.970 	10.569332 
2780 	0.208731 	9.054 	11.228502 
2781 	0.208122 	8.997 	10.738274 
2782 	0.215795 	9.100 	10.809129 
2783 	0.201203 	9.079 	10.922908 
2784 	0.211656 	8.990 	11.107141 
2785 	0.220599 	9.091 	11.050615 
2786 	0.217306 	9.050 	10.665127 
2787 	0.219944 	8.793 	11.471669 
2788 	0.220012 	8.708 	9.645502 
2789 	0.241845 	9.101 	11.1241 
2790 	0.200085 	9.195 	10.489414 
2791 	0.235661 	9.089 	11.221383 
2792 	0.202137 	9.102 	11.045496 
2793 	0.221758 	9.070 	10.982995 
2794 	0.240073 	9.135 	10.468779 
2795 	0.23922 	9.091 	11.362432 
2796 	0.206429 	9.018 	10.965465 
2797 	0.225296 	9.002 	10.717505 
2798 	0.241874 	9.077 	10.93317 
2799 	0.202463 	9.081 	11.034483 
2800 	0.212973 	9.154 	10.917051 
2801 	0.218592 	9.088 	11.081513 
2802 	0.204298 	9.047 	10.720096 
2803 	0.206793 	9.090 	11.252349 
2804 	0.200358 	9.077 	10.859348 
2805 	0.223081 	9.040 	10.974219 
2806 	0.203838 	9.103 	11.273431 
2807 	0.223857 	9.085 	11.174811 
2808 	0.246653 	9.116 	11.057984 
2809 	0.233 	9.118 	12.920506 
2810 	0.209102 	8.780 	9.18474 
2811 	0.231702 	8.899 	9.679006 
2812 	0.201026 	8.996 	10.369455 
2813 	0.231388 	9.095 	11.141808 
2814 	0.237202 	9.001 	10.625219 
2815 	0.231153 	9.081 	11.046318 
2816 	0.224746 	9.066 	10.559904 
2817 	0.215552 	8.936 	10.699506 
2818 	0.218004 	9.127 	11.23991 
2819 	0.240364 	8.971 	10.46399 
2820 	0.202686 	9.108 	10.821105 
2821 	0.20562 	8.840 	10.070283 
2822 	0.217934 	9.057 	11.0025 
2823 	0.21089 	9.049 	10.704302 
2824 	0.221085 	8.665 	9.742175 
2825 	0.228668 	9.011 	11.358315 
2826 	0.202075 	9.047 	10.67701 
2827 	0.233963 	9.064 	11.257066 
2828 	0.21998 	8.917 	11.13952 
2829 	0.230548 	8.926 	10.169211 
2830 	0.225451 	9.094 	10.049573 
2831 	0.207792 	9.118 	10.731718 
2832 	0.227408 	9.114 	11.014129 
2833 	0.235413 	9.159 	11.021338 
2834 	0.223406 	9.179 	11.233762 
2835 	0.229202 	8.990 	10.442347 
2836 	0.217421 	9.055 	11.10801 
2837 	0.23448 	9.104 	11.806746 
2838 	0.217736 	9.083 	10.16568 
2839 	0.241982 	8.810 	10.44924 
2840 	0.214135 	8.978 	9.66015 
2841 	0.208829 	9.045 	10.556618 
2842 	0.236387 	8.971 	11.443504 
2843 	0.229525 	9.060 	11.09806 
2844 	0.214668 	8.968 	10.480567 
2845 	0.220469 	8.969 	10.886142 
2846 	0.236298 	8.831 	10.460031 
2847 	0.23575 	9.005 	10.027555 
2848 	0.226135 	9.047 	10.804477 
2849 	0.212263 	9.154 	10.503224 
2850 	0.240428 	9.181 	11.129142 
2851 	0.220436 	9.080 	11.116797 
2852 	0.210198 	8.819 	9.826612 
2853 	0.208491 	9.110 	11.229336 
2854 	0.207911 	9.127 	10.842081 
2855 	0.212246 	8.931 	10.186628 
2856 	0.206669 	9.057 	11.145076 
2857 	0.209174 	8.886 	10.082922 
2858 	0.241244 	9.128 	11.332729 
2859 	0.247546 	9.043 	11.222374 
2860 	0.201506 	9.014 	10.792314 
2861 	0.217419 	9.143 	10.936503 
2862 	0.230393 	9.044 	11.01499 
2863 	0.203643 	8.883 	10.043661 
2864 	0.208393 	8.763 	9.570731 
2865 	0.210366 	9.090 	10.874573 
2866 	0.224071 	8.990 	10.598139 
2867 	0.211134 	9.016 	10.371725 
2868 	0.22541 	9.111 	11.020233 
2869 	0.20779 	9.048 	10.900928 
2870 	0.249307 	8.821 	10.235165 
2871 	0.21496 	9.129 	10.773412 
2872 	0.22598 	8.844 	10.18377 
2873 	0.206052 	9.091 	10.70858 
2874 	0.204779 	9.089 	10.97363 
2875 	0.222422 	9.134 	11.066876 
2876 	0.21656 	9.088 	11.21429 
2877 	0.225108 	8.915 	10.165319 
2878 	0.223656 	9.106 	10.895088 
2879 	0.236757 	8.720 	10.239479 
2880 	0.22362 	9.106 	11.45174 
2881 	0.247971 	8.804 	10.108996 
2882 	0.222933 	8.840 	10.423905 
2883 	0.237438 	9.161 	11.295789 
2884 	0.211428 	9.151 	10.334469 
2885 	0.223989 	9.130 	11.164264 
2886 	0.231824 	9.090 	11.189369 
2887 	0.217191 	9.067 	10.771766 
2888 	0.219644 	9.107 	10.161028 
2889 	0.240189 	8.694 	9.354543 
2890 	0.206665 	8.970 	10.886374 
2891 	0.227249 	8.833 	9.921771 
2892 	0.206766 	9.090 	10.223179 
2893 	0.22982 	7.876 	9.071094 
2894 	0.247382 	8.978 	10.419334 
2895 	0.239246 	8.999 	10.444085 
2896 	0.230472 	9.106 	11.059075 
2897 	0.21911 	9.247 	10.49752 
2898 	0.213293 	9.087 	11.363132 
2899 	0.214365 	9.046 	9.799956 
2900 	0.231133 	8.133 	8.964108 
2901 	0.208972 	8.582 	9.45034 
2902 	0.223623 	8.911 	10.506621 
2903 	0.227434 	9.128 	11.161802 
2904 	0.230501 	8.779 	9.20562 
2905 	0.218806 	9.110 	11.073289 
2906 	0.21088 	9.110 	11.277372 
2907 	0.225205 	8.802 	9.968227 
